0.7802734375
0.81103515625
0.7958984375
0.77587890625
0.78076171875
0.77197265625
0.7587890625
0.73876953125
0.712890625
0.705078125
0.712890625
0.7041015625
0.70166015625
0.669921875
0.67919921875
0.68115234375
0.65869140625
0.6787109375
0.6982421875
0.697265625
0.71142578125
0.70556640625
0.63818359375
0.61376953125
0.625
0.56591796875
0.58154296875
0.58056640625
0.5576171875
0.55419921875
0.56103515625
0.55859375
0.5498046875
0.587890625
0.5703125
0.57568359375
0.57568359375
0.630859375
0.63330078125
0.61962890625
0.63427734375
0.60400390625
0.626953125
0.63134765625
0.67529296875
0.67431640625
0.65673828125
0.6640625
0.65380859375
0.67822265625
0.7265625
0.75830078125
0.7470703125
0.79736328125
0.77587890625
0.79345703125
0.791015625
0.76708984375
0.77001953125
0.7880859375
0.76904296875
0.77294921875
0.7822265625
0.75830078125
0.7841796875
0.77734375
0.7841796875
0.79052734375
0.7890625
0.7802734375
0.7705078125
0.79541015625
0.77783203125
0.7724609375
0.7548828125
0.74755859375
0.75244140625
0.71728515625
0.7451171875
0.70849609375
0.69775390625
0.716796875
0.6787109375
0.69775390625
0.703125
0.7216796875
0.64990234375
0.63427734375
0.65625
0.6943359375
0.72119140625
0.72265625
0.7119140625
0.75048828125
0.744140625
0.73974609375
0.73779296875
0.765625
0.7900390625
0.7685546875
0.75634765625
0.7587890625
0.71337890625
0.7080078125
0.72021484375
0.72265625
0.72119140625
0.68310546875
0.6630859375
0.6826171875
0.68603515625
0.6884765625
0.6494140625
0.67041015625
0.71044921875
0.65576171875
0.64111328125
0.64453125
0.654296875
0.6142578125
0.67822265625
0.67333984375
0.6708984375
0.68017578125
0.703125
0.7080078125
0.70849609375
0.6943359375
0.6689453125
0.70458984375
0.69384765625
0.7197265625
0.68017578125
0.70166015625
0.71435546875
0.697265625
0.69091796875
0.6923828125
0.703125
0.6611328125
0.6787109375
0.6689453125
0.6708984375
0.6884765625
0.71630859375
0.7109375
0.69775390625
0.69287109375
0.701171875
0.73486328125
0.75537109375
0.73095703125
0.705078125
0.7431640625
0.6728515625
0.68603515625
0.7109375
0.72900390625
0.7265625
0.74365234375
0.7783203125
0.765625
0.755859375
0.7763671875
0.7626953125
0.740234375
0.7119140625
0.73291015625
0.74658203125
0.7568359375
0.7138671875
0.701171875
0.6748046875
0.662109375
0.6416015625
0.61669921875
0.65478515625
0.654296875
0.68505859375
0.65380859375
0.6328125
0.62158203125
0.61181640625
0.62060546875
0.6416015625
0.646484375
0.64794921875
0.595703125
0.65185546875
0.61865234375
0.59521484375
0.6171875
0.6103515625
0.6103515625
0.59716796875
0.5595703125
0.56298828125
0.5517578125
0.60107421875
0.55078125
0.5517578125
0.5439453125
0.54296875
0.52587890625
0.529296875
0.5263671875
0.5302734375
0.54443359375
0.51171875
0.533203125
0.54736328125
0.55810546875
0.54052734375
0.52685546875
0.53466796875
0.57470703125
0.56787109375
0.5869140625
0.58984375
0.59521484375
0.5908203125
0.6005859375
0.595703125
0.5498046875
0.5771484375
0.59228515625
0.59375
0.57080078125
0.5888671875
0.6240234375
0.62353515625
0.626953125
0.60986328125
0.59619140625
0.578125
0.57275390625
0.57080078125
0.55078125
0.52587890625
0.51220703125
0.51171875
0.5263671875
0.52099609375
0.482421875
0.4736328125
0.47412109375
0.42236328125
0.46826171875
0.455078125
0.46435546875
0.482421875
0.45751953125
0.4521484375
0.427734375
0.4189453125
0.3916015625
0.3759765625
0.3623046875
0.31787109375
0.27099609375
0.3388671875
0.31982421875
0.3447265625
0.369140625
0.3076171875
0.30126953125
0.3388671875
0.33642578125
0.30908203125
0.30517578125
0.275390625
0.3056640625
0.28173828125
0.29248046875
0.3115234375
0.2998046875
0.3076171875
0.34326171875
0.37255859375
0.3720703125
0.33837890625
0.33837890625
0.39208984375
0.392578125
0.3974609375
0.39404296875
0.423828125
0.37890625
0.376953125
0.41796875
0.41064453125
0.4453125
0.482421875
0.46142578125
0.42822265625
0.3955078125
0.42236328125
0.447265625
0.427734375
0.447265625
0.4423828125
0.390625
0.384765625
0.3974609375
0.3955078125
0.39892578125
0.39697265625
0.4150390625
0.419921875
0.39990234375
0.41943359375
0.46142578125
0.490234375
0.51513671875
0.5283203125
0.5341796875
0.56298828125
0.58447265625
0.58984375
0.57177734375
0.5869140625
0.580078125
0.57373046875
0.52880859375
0.49658203125
0.48779296875
0.47412109375
0.47802734375
0.45263671875
0.43701171875
0.47216796875
0.48583984375
0.47705078125
0.458984375
0.47314453125
0.4951171875
0.47021484375
0.4814453125
0.52197265625
0.4892578125
0.4921875
0.49658203125
0.48095703125
0.46044921875
0.54150390625
0.51953125
0.50146484375
0.5068359375
0.50244140625
0.48583984375
0.49365234375
0.48046875
0.49072265625
0.51513671875
0.5087890625
0.53271484375
0.544921875
0.5478515625
0.56494140625
0.5361328125
0.541015625
0.6083984375
0.5830078125
0.56103515625
0.517578125
0.515625
0.57080078125
0.57275390625
0.57373046875
0.6005859375
0.60986328125
0.607421875
0.60986328125
0.623046875
0.607421875
0.58056640625
0.56884765625
0.55078125
0.55029296875
0.55712890625
0.576171875
0.5859375
0.59619140625
0.63134765625
0.63037109375
0.61181640625
0.630859375
0.65771484375
0.6923828125
0.6728515625
0.6455078125
0.66943359375
0.69189453125
0.71044921875
0.6904296875
0.673828125
0.63623046875
0.6474609375
0.64990234375
0.6533203125
0.6298828125
0.6357421875
0.64892578125
0.6787109375
0.64599609375
0.59326171875
0.61572265625
0.619140625
0.6298828125
0.61376953125
0.65625
0.666015625
0.6689453125
0.68212890625
0.685546875
0.6533203125
0.6943359375
0.6904296875
0.7001953125
0.67724609375
0.65771484375
0.6953125
0.69384765625
0.68017578125
0.7138671875
0.72607421875
0.732421875
0.728515625
0.7255859375
0.7373046875
0.75634765625
0.78955078125
0.78515625
0.80615234375
0.8076171875
0.81591796875
0.8154296875
0.76220703125
0.7685546875
0.74267578125
0.73974609375
0.73486328125
0.74951171875
0.76025390625
0.7744140625
0.75927734375
0.7685546875
0.80126953125
0.8203125
0.82763671875
0.82421875
0.806640625
0.79736328125
0.818359375
0.7607421875
0.75732421875
0.73291015625
0.7421875
0.7802734375
0.76123046875
0.7490234375
0.75390625
0.76171875
0.783203125
0.80126953125
0.77490234375
0.7548828125
0.73681640625
0.68701171875
0.708984375
0.708984375
0.703125
0.71142578125
0.72998046875
0.69384765625
0.677734375
0.67919921875
0.67724609375
0.6533203125
0.640625
0.62060546875
0.5576171875
0.58544921875
0.63330078125
0.61572265625
0.5693359375
0.62744140625
0.62109375
0.64501953125
0.66162109375
0.69482421875
0.6884765625
0.71923828125
0.71728515625
0.67138671875
0.6474609375
0.625
0.6669921875
0.65283203125
0.6630859375
0.67529296875
0.6484375
0.66064453125
0.6806640625
0.7021484375
0.68603515625
0.6826171875
0.69140625
0.7265625
0.74853515625
0.71630859375
0.7275390625
0.70458984375
0.708984375
0.673828125
0.67724609375
0.70947265625
0.73828125
0.72998046875
0.70556640625
0.7041015625
0.7041015625
0.72119140625
0.6787109375
0.6708984375
0.69189453125
0.708984375
0.6923828125
0.69873046875
0.6796875
0.6953125
0.732421875
0.7197265625
0.69580078125
0.70751953125
0.71484375
0.70166015625
0.7626953125
0.740234375
0.75634765625
0.736328125
0.7265625
0.7236328125
0.7177734375
0.73583984375
0.74365234375
0.74658203125
0.74267578125
0.73828125
0.7705078125
0.75634765625
0.77294921875
0.77001953125
0.7763671875
0.7607421875
0.72900390625
0.74951171875
0.78369140625
0.798828125
0.814453125
0.8046875
0.79931640625
0.7548828125
0.75537109375
0.775390625
0.78759765625
0.787109375
0.7685546875
0.77734375
0.7685546875
0.73828125
0.71484375
0.701171875
0.71875
0.70654296875
0.7197265625
0.7314453125
0.74267578125
0.7470703125
0.7421875
0.72119140625
0.74365234375
0.7705078125
0.7939453125
0.79736328125
0.77490234375
0.77294921875
0.771484375
0.7783203125
0.7490234375
0.69873046875
0.673828125
0.69677734375
0.7333984375
0.703125
0.70361328125
0.72607421875
0.73193359375
0.70751953125
0.7158203125
0.6923828125
0.650390625
0.62841796875
0.59423828125
0.6044921875
0.607421875
0.58544921875
0.59521484375
0.5966796875
0.59521484375
0.580078125
0.5751953125
0.5986328125
0.626953125
0.63818359375
0.62451171875
0.60595703125
0.580078125
0.6064453125
0.56640625
0.5703125
0.5888671875
0.57080078125
0.578125
0.603515625
0.5703125
0.587890625
0.5859375
0.58251953125
0.578125
0.62744140625
0.62939453125
0.6552734375
0.658203125
0.70166015625
0.7236328125
0.73583984375
0.7529296875
0.72802734375
0.7451171875
0.72216796875
0.73095703125
0.775390625
0.76708984375
0.767578125
0.76318359375
0.76025390625
0.7412109375
0.736328125
0.7216796875
0.68701171875
0.697265625
0.70263671875
0.7060546875
0.7265625
0.7275390625
0.76611328125
0.7763671875
0.76416015625
0.78125
0.7451171875
0.71240234375
0.705078125
0.70458984375
0.72900390625
0.7236328125
0.697265625
0.68701171875
0.677734375
0.6328125
0.64697265625
0.64501953125
0.63623046875
0.6884765625
0.69189453125
0.681640625
0.7041015625
0.70263671875
0.6533203125
0.67529296875
0.66162109375
0.67041015625
0.62841796875
0.68603515625
0.6845703125
0.68603515625
0.654296875
0.65869140625
0.7099609375
0.70556640625
0.6796875
0.67919921875
0.6708984375
0.7041015625
0.70068359375
0.71533203125
0.70849609375
0.67919921875
0.6298828125
0.65234375
0.61328125
0.61669921875
0.63623046875
0.65234375
0.65478515625
0.66259765625
0.65380859375
0.62890625
0.67529296875
0.6591796875
0.65380859375
0.677734375
0.68603515625
0.689453125
0.6806640625
0.677734375
0.640625
0.64404296875
0.64453125
0.65966796875
0.67626953125
0.6865234375
0.70556640625
0.728515625
0.7021484375
0.66455078125
0.64013671875
0.6328125
0.6201171875
0.6416015625
0.6552734375
0.68603515625
0.71728515625
0.69775390625
0.673828125
0.71240234375
0.7099609375
0.705078125
0.73046875
0.708984375
0.65478515625
0.701171875
0.66748046875
0.638671875
0.6865234375
0.68701171875
0.7099609375
0.70849609375
0.703125
0.6767578125
0.71484375
0.6865234375
0.63232421875
0.68359375
0.6982421875
0.65283203125
0.64892578125
0.65576171875
0.6298828125
0.61865234375
0.6435546875
0.61572265625
0.64892578125
0.64404296875
0.642578125
0.60546875
0.6123046875
0.59375
0.6142578125
0.62109375
0.60009765625
0.638671875
0.6337890625
0.6455078125
0.61767578125
0.6142578125
0.6044921875
0.56103515625
0.55029296875
0.541015625
0.498046875
0.50439453125
0.49560546875
0.49658203125
0.5205078125
0.564453125
0.5595703125
0.58349609375
0.5869140625
0.61328125
0.6689453125
0.6689453125
0.6630859375
0.66064453125
0.64306640625
0.6533203125
0.6494140625
0.65283203125
0.65380859375
0.6884765625
0.6474609375
0.64453125
0.642578125
0.67236328125
0.69287109375
0.67529296875
0.70166015625
0.74169921875
0.73388671875
0.744140625
0.74755859375
0.72509765625
0.76025390625
0.74169921875
0.74609375
0.73583984375
0.765625
0.7763671875
0.79150390625
0.80126953125
0.8076171875
0.77392578125
0.8046875
0.78759765625
0.74853515625
0.740234375
0.7177734375
0.71484375
0.720703125
0.72998046875
0.751953125
0.74560546875
0.75341796875
0.70263671875
0.68359375
0.68212890625
0.69580078125
0.70166015625
0.6533203125
0.65673828125
0.642578125
0.66259765625
0.68701171875
0.70361328125
0.69580078125
0.716796875
0.70703125
0.6845703125
0.662109375
0.68115234375
0.69482421875
0.71630859375
0.6806640625
0.64453125
0.6787109375
0.669921875
0.681640625
0.66064453125
0.666015625
0.72216796875
0.703125
0.66259765625
0.69287109375
0.6708984375
0.66796875
0.66845703125
0.646484375
0.64794921875
0.65478515625
0.6572265625
0.708984375
0.716796875
0.74560546875
0.73828125
0.74609375
0.74365234375
0.73486328125
0.728515625
0.71630859375
0.7119140625
0.73193359375
0.71142578125
0.7041015625
0.76025390625
0.77734375
0.7626953125
0.77978515625
0.7958984375
0.783203125
0.744140625
0.7587890625
0.72216796875
0.7060546875
0.697265625
0.68359375
0.6865234375
0.6396484375
0.62451171875
0.67724609375
0.681640625
0.70556640625
0.72509765625
0.73583984375
0.74267578125
0.75634765625
0.73046875
0.732421875
0.77197265625
0.79736328125
0.7939453125
0.802734375
0.7919921875
0.7890625
0.7509765625
0.73046875
0.7529296875
0.765625
0.75146484375
0.77197265625
0.78271484375
0.79638671875
0.7724609375
0.74853515625
0.7568359375
0.75927734375
0.74560546875
0.7470703125
0.703125
0.69970703125
0.685546875
0.6630859375
0.66064453125
0.6943359375
0.69775390625
0.68359375
0.65625
0.654296875
0.68115234375
0.6787109375
0.6953125
0.6728515625
0.66650390625
0.68212890625
0.70751953125
0.73486328125
0.74365234375
0.70556640625
0.7177734375
0.6904296875
0.6962890625
0.71826171875
0.70703125
0.71826171875
0.69677734375
0.7119140625
0.720703125
0.72509765625
0.6943359375
0.6748046875
0.6806640625
0.72265625
0.75634765625
0.76904296875
0.7626953125
0.73583984375
0.75927734375
0.76806640625
0.78515625
0.76611328125
0.736328125
0.74658203125
0.7275390625
0.73681640625
0.74609375
0.7822265625
0.7802734375
0.73828125
0.71435546875
0.73291015625
0.71875
0.775390625
0.7626953125
0.74462890625
0.7314453125
0.75244140625
0.73388671875
0.7197265625
0.7119140625
0.70947265625
0.71435546875
0.70263671875
0.72265625
0.69775390625
0.6591796875
0.65576171875
0.6650390625
0.6708984375
0.66943359375
0.61376953125
0.6025390625
