0.7056
0.6872
0.6912
0.6968
0.6784
0.6976
0.6368
0.62
0.6272
0.62
0.588
0.5952
0.5872
0.5568
0.5768
0.5928
0.604
0.5376
0.5536
0.5552
0.596
0.6312
0.6272
0.6408
0.6408
0.6272
0.58
0.624
0.6224
0.6432
0.6152
0.5736
0.6048
0.5952
0.6112
0.6368
0.7176
0.7648
0.7472
0.7168
0.7376
0.7056
0.7112
0.6608
0.6752
0.6408
0.6504
0.6856
0.7608
0.7824
0.804
0.8272
0.7896
0.7768
0.744
0.6928
0.6816
0.6624
0.6824
0.6208
0.6416
0.608
0.5792
0.6656
0.6984
0.6976
0.688
0.5968
0.5848
0.5544
0.6184
0.5896
0.5312
0.5312
0.5504
0.5696
0.5072
0.544
0.5312
0.508
0.5
0.4832
0.472
0.5048
0.4936
0.4632
0.412
0.3472
0.2264
0.176
0.1368
0.2008
0.2336
0.1728
0.1312
0.1904
0.1744
0.1288
0.1448
0.0904
0.0768
0.0528
0.0168
0.0488
0.016
0.016
0.0224
0.0216
0.0416
0.0152
0.092
0.0624
0.0008
0.0248
0.008
0.0064
0.0
0.0176
0.0672
0.012
0.0504
0.0192
0.0568
0.0496
0.0712
0.0032
0.0624
0.0248
0.0528
0.0968
0.1408
0.1832
0.224
0.2184
0.2472
0.2376
0.1944
0.2096
0.1632
0.2192
0.288
0.296
0.2936
0.2296
0.2744
0.3296
0.2904
0.2616
0.2328
0.2504
0.2168
0.1928
0.2008
0.1768
0.1688
0.1408
0.1032
0.1136
0.0584
0.02
0.0224
0.104
0.1184
0.1728
0.1664
0.1368
0.1496
0.176
0.1696
0.1912
0.1504
0.132
0.1216
0.1432
0.1368
0.1088
0.1208
0.1016
0.0848
0.0808
0.0528
0.0808
0.1016
0.0864
0.0904
0.1
0.0664
0.0512
0.0728
0.124
0.1584
0.1448
0.1728
0.1888
0.152
0.172
0.2176
0.2416
0.1824
0.1792
0.1872
0.2112
0.1448
0.1232
0.1136
0.0568
0.0272
0.0256
0.0144
0.0328
0.0304
0.0184
0.0384
0.0776
0.0912
0.0848
0.0296
0.0232
0.028
0.0784
0.0736
0.0504
0.0816
0.044
0.1152
0.1016
0.092
0.0712
0.0672
0.0544
0.0248
0.0168
0.028
0.0296
0.0288
0.048
0.0776
0.072
0.0584
0.04
0.048
0.0688
0.0824
0.064
0.0672
0.096
0.0336
0.0168
0.0544
0.0496
0.0832
0.0832
0.1168
0.1864
0.1408
0.1824
0.1504
0.1192
0.1624
0.1392
0.0808
0.06
0.068
0.0648
0.0208
0.02
0.0024
0.0096
0.0176
0.0328
0.0512
0.1128
0.092
0.036
0.0288
0.0624
0.1248
0.1392
0.0752
0.0536
0.0432
0.0744
0.0832
0.0952
0.068
0.0112
0.0456
0.0248
0.0632
0.0304
0.0336
0.0208
0.0096
0.0368
0.0136
0.0152
0.0776
0.0832
0.02
0.0144
0.0728
0.0168
0.0568
0.012
0.0184
0.0216
0.0192
0.0712
0.092
0.0776
0.0776
0.0616
0.0672
0.0192
0.0488
0.048
0.024
0.032
0.02
0.016
0.0128
0.0024
0.0672
0.1224
0.1416
0.1608
0.1888
0.1912
0.196
0.236
0.2528
0.2624
0.3064
0.2536
0.2752
0.2824
0.288
0.3288
0.3544
0.3608
0.4232
0.3952
0.3784
0.3984
0.4192
0.416
0.3864
0.4104
0.3984
0.4008
0.3496
0.276
0.268
0.2656
0.2352
0.2576
0.256
0.2608
0.2456
0.2408
0.268
0.2824
0.28
0.3072
0.3088
0.3472
0.34
0.3336
0.3416
0.4048
0.3736
0.372
0.3824
0.4
0.4256
0.4016
0.36
0.3448
0.3136
0.312
0.3
0.2952
0.3144
0.3448
0.3472
0.2904
0.2704
0.284
0.328
0.3208
0.3088
0.3536
0.3504
0.3528
0.3376
0.3912
0.3952
0.392
0.3664
0.3992
0.4216
0.4128
0.3952
0.3784
0.3624
0.364
0.3872
0.34
0.3392
0.3328
0.3504
0.3256
0.3768
0.364
0.3376
0.3328
0.3256
0.284
0.2608
0.316
0.332
0.3312
0.3152
0.3168
0.2376
0.2024
0.172
0.2312
0.2824
0.3576
0.3584
0.3736
0.3544
0.3792
0.3824
0.3848
0.3656
0.3696
0.3864
0.3472
0.3736
0.3968
0.4312
0.4024
0.372
0.3752
0.396
0.48
0.4592
0.4848
0.4472
0.4096
0.4528
0.452
0.4184
0.3936
0.42
0.404
0.4288
0.4856
0.412
0.412
0.3624
0.42
0.4224
0.4576
0.4992
0.4648
0.56
0.56
0.5296
0.5576
0.5608
0.5096
0.5312
0.4944
0.5016
0.552
0.5144
0.4608
0.4688
0.4816
0.5056
0.48
0.4496
0.4344
0.4368
0.4688
0.4608
0.48
0.48
0.4712
0.4664
0.5376
0.58
0.596
0.612
0.6296
0.6024
0.5992
0.6328
0.6752
0.6608
0.6896
0.6792
0.6216
0.6448
0.6064
0.5936
0.6136
0.636
0.6896
0.6784
0.7304
0.7128
0.7368
0.7088
0.696
0.6704
0.6856
0.6704
0.6504
0.672
0.7032
0.7528
0.7416
0.7224
0.708
0.7408
0.764
0.7176
0.7416
0.7248
0.7656
0.7352
0.6888
0.6696
0.64
0.6544
0.6024
0.6024
0.6112
0.6024
0.6264
0.632
0.5728
0.6152
0.6232
0.6232
0.6504
0.6704
0.6568
0.6584
0.6664
0.6024
0.6216
0.5992
0.5736
0.572
0.5712
0.5576
0.5696
0.5848
0.6008
0.5784
0.556
0.5712
0.5624
0.5848
0.6128
0.6112
0.5984
0.6464
0.624
0.6264
0.6192
0.6208
0.6512
0.636
0.6496
0.6456
0.6648
0.7032
0.6992
0.6896
0.7072
0.6984
0.6472
0.6088
0.5624
0.5448
0.6376
0.6656
0.6544
0.6176
0.5784
0.5432
0.532
0.5008
0.5072
0.512
0.5864
0.6024
0.5568
0.5184
0.544
0.6136
0.6072
0.5704
0.5896
0.584
0.6056
0.6464
0.5816
0.5704
0.5088
0.52
0.5424
0.532
0.5216
0.5672
0.6168
0.6528
0.6552
0.5944
0.6128
0.552
0.5984
0.6456
0.6656
0.6464
0.6688
0.7064
0.7208
0.6552
0.6688
0.6792
0.7048
0.6768
0.5912
0.5856
0.5888
0.5808
0.5872
0.6088
0.5936
0.5744
0.5408
0.5344
0.4992
0.464
0.4392
0.4552
0.4328
0.456
0.4024
0.4104
0.4224
0.4856
0.5056
0.5232
0.544
0.4992
0.5272
0.504
0.504
0.4384
0.416
0.4528
0.4432
0.452
0.444
0.436
0.4304
0.4144
0.4128
0.3976
0.4352
0.3808
0.3328
0.3888
0.4824
0.4624
0.4752
0.5048
0.5008
0.5344
0.5136
0.4704
0.448
0.5064
0.5328
0.4448
0.4704
0.4424
0.4176
0.428
0.4752
0.3816
0.412
0.4112
0.376
0.3216
0.3024
0.3008
0.316
0.2896
0.2896
0.32
0.3632
0.3648
0.4056
0.3648
0.384
0.3368
0.3832
0.412
0.4232
0.408
0.3856
0.384
0.3688
0.3472
0.3776
0.3688
0.428
0.4144
0.4024
0.3544
0.4
0.3888
0.3464
0.3888
0.3736
0.3592
0.3568
0.4536
0.4248
0.4584
0.4968
0.4984
0.4944
0.46
0.444
0.3608
0.3552
0.3872
0.3472
0.312
0.2472
0.2056
0.1976
0.1768
0.1544
0.1224
0.1152
0.0872
0.0152
0.0424
0.0584
0.0744
0.1176
0.1232
0.1968
0.1496
0.2272
0.3024
0.26
0.2056
0.2008
0.2152
0.2648
0.2208
0.2592
0.2592
0.2528
0.2176
0.2408
0.244
0.2224
0.1472
0.1656
0.104
0.0464
0.0928
0.1472
0.1592
0.1576
0.1696
0.2056
0.2456
0.156
0.1592
0.1976
0.2096
0.2688
0.2872
0.3328
0.3232
0.3856
0.404
0.4624
0.4368
0.5328
0.56
0.5488
0.5104
0.5272
0.5176
0.5344
0.5056
0.504
0.5128
0.5064
0.48
0.4368
0.4296
0.4096
0.3848
0.3976
0.4072
0.3736
0.3336
0.3336
0.3104
0.2888
0.3632
0.3856
0.36
0.3224
0.3168
0.3576
0.3336
0.2832
0.332
0.2912
0.2448
0.2008
0.2224
0.2776
0.3088
0.2944
0.256
0.1984
0.1952
0.2144
0.24
0.2208
0.2344
0.2448
0.2472
0.2808
0.1992
0.1456
0.0752
0.0648
0.1208
0.0896
0.1168
0.1264
0.1744
0.1296
0.1512
0.1312
0.1392
0.1432
0.1536
0.1376
0.0992
0.0608
0.1064
0.0536
0.0272
0.0288
0.0152
0.0688
0.104
0.0896
0.0576
0.0424
0.036
0.0504
0.048
0.024
0.004
0.0616
0.0536
0.0448
0.0128
0.0184
0.016
0.056
0.0672
0.1064
0.1248
0.128
0.168
0.1928
0.1952
0.2136
0.2016
0.256
0.2016
0.2576
0.2096
0.2352
0.2704
0.2592
0.3152
0.2992
0.3072
0.2816
0.2664
0.2392
0.24
0.252
0.3248
0.3136
0.2808
0.3272
0.3296
0.304
0.3328
0.3224
0.352
0.3568
0.4008
0.4016
0.3896
0.3136
0.3584
0.4072
0.4264
0.4416
0.3824
0.4688
0.4896
0.4832
0.5312
0.5256
0.5168
0.5304
0.528
0.4992
0.5504
0.576
0.504
0.5272
0.5352
0.5168
0.5424
0.5464
0.524
0.4992
0.4616
0.452
0.4824
0.5544
0.4872
0.4856
0.4904
0.52
0.5912
0.628
0.6104
0.5712
0.5712
0.564
0.5568
0.5792
0.5216
0.4864
0.4872
0.4496
0.4664
0.4176
0.4608
0.4336
0.4688
0.4384
0.3976
0.4216
0.4056
0.448
0.4608
0.4656
0.5168
0.4952
0.4384
0.3664
0.3584
0.2552
0.3312
0.3344
0.3232
0.3072
0.2624
0.2728
0.2296
0.272
