0.08203125
0.0703125
0.076171875
0.0947265625
0.09619140625
0.103515625
0.078125
0.06005859375
0.04248046875
0.00341796875
0.00244140625
0.03466796875
0.0361328125
0.0322265625
0.07275390625
0.07861328125
0.04541015625
0.0595703125
0.08447265625
0.08837890625
0.080078125
0.064453125
0.041015625
0.03076171875
0.07373046875
0.06640625
0.06298828125
0.02294921875
0.0341796875
0.05517578125
0.0302734375
0.056640625
0.0400390625
0.0615234375
0.115234375
0.1328125
0.14306640625
0.17919921875
0.1884765625
0.2099609375
0.1884765625
0.17333984375
0.1474609375
0.1337890625
0.14697265625
0.10107421875
0.146484375
0.09619140625
0.05712890625
0.0498046875
0.03662109375
0.02197265625
0.0146484375
0.04052734375
0.04248046875
0.06298828125
0.05126953125
0.06494140625
0.1279296875
0.146484375
0.17236328125
0.17626953125
0.130859375
0.13134765625
0.18408203125
0.19189453125
0.28173828125
0.25830078125
0.25439453125
0.2119140625
0.19140625
0.1640625
0.2138671875
0.20654296875
0.20068359375
0.2236328125
0.25146484375
0.2333984375
0.21337890625
0.22607421875
0.22802734375
0.25146484375
0.22412109375
0.201171875
0.22314453125
0.2763671875
0.2861328125
0.28125
0.2509765625
0.24462890625
0.228515625
0.216796875
0.24267578125
0.31787109375
0.3310546875
0.32373046875
0.3212890625
0.314453125
0.29638671875
0.33544921875
0.32275390625
0.3466796875
0.33203125
0.31982421875
0.29248046875
0.25048828125
0.2392578125
0.32568359375
0.34375
0.32666015625
0.345703125
0.32666015625
0.3271484375
0.33251953125
0.32958984375
0.3798828125
0.3603515625
0.31787109375
0.2724609375
0.23974609375
0.20654296875
0.2099609375
0.2265625
0.201171875
0.24560546875
0.25244140625
0.255859375
0.21630859375
0.22216796875
0.25732421875
0.3046875
0.28955078125
0.25927734375
0.2587890625
0.2666015625
0.296875
0.32177734375
0.33642578125
0.33544921875
0.32958984375
0.35546875
0.40966796875
0.390625
0.4052734375
0.39794921875
0.44091796875
0.4052734375
0.39892578125
0.3916015625
0.3828125
0.330078125
0.337890625
0.3515625
0.384765625
0.357421875
0.3466796875
0.3388671875
0.33544921875
0.3740234375
0.37353515625
0.35400390625
0.3505859375
0.3427734375
0.306640625
0.296875
0.236328125
0.2060546875
0.177734375
0.16552734375
0.16259765625
0.16259765625
0.16015625
0.138671875
0.15869140625
0.18603515625
0.14013671875
0.14794921875
0.14111328125
0.11669921875
0.13037109375
0.1572265625
0.1376953125
0.15771484375
0.15673828125
0.1728515625
0.158203125
0.1796875
0.2021484375
0.24267578125
0.240234375
0.2138671875
0.22509765625
0.22216796875
0.18896484375
0.20361328125
0.23388671875
0.20703125
0.201171875
0.18798828125
0.21337890625
0.2412109375
0.23388671875
0.20263671875
0.1806640625
0.1376953125
0.08935546875
0.11328125
0.14599609375
0.15234375
0.12060546875
0.06591796875
0.00341796875
0.01708984375
0.06494140625
0.0380859375
0.0078125
0.0439453125
0.01171875
0.05712890625
0.0546875
0.02783203125
0.00732421875
0.01025390625
0.03125
0.013671875
0.0908203125
0.09033203125
0.09521484375
0.0830078125
0.08544921875
0.09521484375
0.0498046875
0.05615234375
0.05078125
0.03955078125
0.05859375
0.0791015625
0.06201171875
0.07763671875
0.1201171875
0.09716796875
0.08056640625
0.07470703125
0.06591796875
0.041015625
0.0458984375
0.07421875
0.0791015625
0.11669921875
0.0927734375
0.07861328125
0.1396484375
0.13525390625
0.1318359375
0.15478515625
0.16552734375
0.18212890625
0.177734375
0.162109375
0.1787109375
0.26171875
0.27734375
0.32666015625
0.32421875
0.34765625
0.3349609375
0.314453125
0.34423828125
0.30615234375
0.296875
0.322265625
0.369140625
0.38232421875
0.3818359375
0.37646484375
0.34033203125
0.35546875
0.31591796875
0.31689453125
0.31494140625
0.29296875
0.2861328125
0.22314453125
0.1630859375
0.126953125
0.15185546875
0.1484375
0.1767578125
0.1767578125
0.15966796875
0.14208984375
0.17431640625
0.2509765625
0.2197265625
0.255859375
0.2861328125
0.28173828125
0.23828125
0.18212890625
0.1669921875
0.17724609375
0.1904296875
0.16064453125
0.1240234375
0.15380859375
0.16796875
0.173828125
0.1953125
0.2666015625
0.2099609375
0.18115234375
0.22021484375
0.24072265625
0.23974609375
0.17724609375
0.1494140625
0.15283203125
0.193359375
0.2041015625
0.232421875
0.2412109375
0.2275390625
0.23779296875
0.2216796875
0.23876953125
0.2109375
0.24267578125
0.19140625
0.1708984375
0.18310546875
0.138671875
0.126953125
0.1611328125
0.17529296875
0.1328125
0.11865234375
0.1259765625
0.11279296875
0.1025390625
0.14306640625
0.1484375
0.13037109375
0.10986328125
0.10595703125
0.126953125
0.1298828125
0.14306640625
0.1923828125
0.1806640625
0.142578125
0.1474609375
0.1689453125
0.19091796875
0.18359375
0.18017578125
0.14501953125
0.1357421875
0.162109375
0.12744140625
0.091796875
0.09423828125
0.1806640625
0.1962890625
0.22265625
0.18359375
0.171875
0.18798828125
0.197265625
0.20263671875
0.21435546875
0.24072265625
0.21435546875
0.23779296875
0.21875
0.20849609375
0.2158203125
0.22021484375
0.23388671875
0.255859375
0.291015625
0.306640625
0.2841796875
0.25146484375
0.2607421875
0.2294921875
0.2373046875
0.232421875
0.26025390625
0.28857421875
0.25390625
0.21875
0.203125
0.18994140625
0.17333984375
0.185546875
0.1640625
0.17724609375
0.1474609375
0.18408203125
0.1455078125
0.173828125
0.15576171875
0.150390625
0.1787109375
0.17919921875
0.17236328125
0.17138671875
0.21435546875
0.2548828125
0.322265625
0.32421875
0.29541015625
0.3017578125
0.28125
0.22412109375
0.2431640625
0.201171875
0.22314453125
0.21826171875
0.21435546875
0.267578125
0.267578125
0.2666015625
0.271484375
0.27587890625
0.28271484375
0.28515625
0.28271484375
0.2861328125
0.361328125
0.37890625
0.396484375
0.35009765625
0.380859375
0.3759765625
0.40283203125
0.3779296875
0.34814453125
0.38525390625
0.3291015625
0.29931640625
0.22705078125
0.23291015625
0.25390625
0.212890625
0.25927734375
0.29541015625
0.27587890625
0.28466796875
0.25634765625
0.28955078125
0.2490234375
0.24462890625
0.21923828125
0.22265625
0.30859375
0.36083984375
0.37744140625
0.384765625
0.375
0.39501953125
0.37841796875
0.36865234375
0.38330078125
0.392578125
0.35986328125
0.34228515625
0.38427734375
0.333984375
0.3291015625
0.33447265625
0.31591796875
0.34033203125
0.29345703125
0.2529296875
0.23291015625
0.2431640625
0.173828125
0.13818359375
0.1162109375
0.09375
0.1396484375
0.1240234375
0.09130859375
0.09326171875
0.06103515625
0.06884765625
0.1044921875
0.11865234375
0.1259765625
0.12890625
0.12255859375
0.171875
0.18359375
0.12158203125
0.12841796875
0.18798828125
0.1591796875
0.1416015625
0.15869140625
0.171875
0.15185546875
0.1748046875
0.20751953125
0.189453125
0.1591796875
0.2158203125
0.26953125
0.27197265625
0.28271484375
0.291015625
0.32763671875
0.30029296875
0.26220703125
0.18115234375
0.1884765625
0.1357421875
0.154296875
0.1689453125
0.1298828125
0.16259765625
0.18212890625
0.20263671875
0.171875
0.15673828125
0.17919921875
0.20166015625
0.2314453125
0.21875
0.18603515625
0.1669921875
0.1767578125
0.21630859375
0.18505859375
0.1796875
0.12060546875
0.052734375
0.00244140625
0.01318359375
0.029296875
0.00830078125
0.03955078125
0.052734375
0.08251953125
0.056640625
0.0791015625
0.06591796875
0.083984375
0.078125
0.08740234375
0.0830078125
0.1181640625
0.09228515625
0.0947265625
0.087890625
0.087890625
0.0712890625
0.0654296875
0.072265625
0.04736328125
0.05859375
0.0478515625
0.10009765625
0.13330078125
0.14990234375
0.13818359375
0.1025390625
0.07666015625
0.12158203125
0.0693359375
0.04736328125
0.01220703125
0.00830078125
0.01220703125
0.02294921875
0.009765625
0.0009765625
0.013671875
0.02490234375
0.0078125
0.0185546875
0.01513671875
0.00634765625
0.00634765625
0.00244140625
0.00146484375
0.03369140625
0.00390625
0.0126953125
0.029296875
0.02587890625
0.07861328125
0.0341796875
0.0244140625
0.06640625
0.0556640625
0.03369140625
0.0263671875
0.0078125
0.03271484375
0.00390625
0.015625
0.025390625
0.00390625
0.0087890625
0.0068359375
0.041015625
0.029296875
0.0537109375
0.04736328125
0.044921875
0.08642578125
0.07666015625
0.072265625
0.0986328125
0.1337890625
0.1591796875
0.14111328125
0.158203125
0.142578125
0.115234375
0.13818359375
0.115234375
0.0849609375
0.07373046875
0.0634765625
0.03515625
0.0126953125
0.015625
0.07470703125
0.12890625
0.16162109375
0.18310546875
0.19873046875
0.21435546875
0.21142578125
0.2197265625
0.2197265625
0.21484375
0.193359375
0.1904296875
0.16650390625
0.19189453125
0.220703125
0.2158203125
0.22021484375
0.20947265625
0.13525390625
0.1669921875
0.18115234375
0.119140625
0.14990234375
0.087890625
0.12255859375
0.10791015625
0.0966796875
0.111328125
0.14697265625
0.13330078125
0.20751953125
0.23095703125
0.28369140625
0.275390625
0.244140625
0.2314453125
0.181640625
0.1923828125
0.1298828125
0.10400390625
0.138671875
0.18994140625
0.2001953125
0.15673828125
0.18115234375
0.18115234375
0.2158203125
0.20166015625
0.20458984375
0.1962890625
0.166015625
0.181640625
0.15380859375
0.19287109375
0.19775390625
0.15625
0.16259765625
0.21044921875
0.20458984375
0.2685546875
0.27734375
0.25
0.3212890625
0.34619140625
0.33154296875
0.35595703125
0.3857421875
0.41455078125
0.40673828125
0.40478515625
0.4248046875
0.40478515625
0.45849609375
0.4755859375
0.47216796875
0.4140625
0.43359375
0.4189453125
0.43701171875
0.45556640625
0.48388671875
0.4921875
0.51904296875
0.51171875
0.548828125
0.529296875
0.5224609375
0.552734375
0.56494140625
0.60546875
0.6025390625
0.58251953125
0.57275390625
0.55322265625
0.541015625
0.5078125
0.5224609375
0.48388671875
0.48486328125
0.509765625
0.4921875
0.45751953125
0.43212890625
0.44580078125
0.47607421875
0.4599609375
0.4697265625
0.42236328125
0.3974609375
0.4560546875
0.46337890625
0.451171875
0.40869140625
0.392578125
0.43701171875
0.4169921875
0.37548828125
0.39501953125
0.37158203125
0.39306640625
0.3603515625
0.34912109375
0.328125
0.28466796875
0.29931640625
0.33251953125
0.30517578125
0.26220703125
0.2529296875
0.2177734375
0.2255859375
0.20166015625
0.1748046875
0.169921875
0.18017578125
0.19384765625
0.2109375
0.23193359375
0.1982421875
0.1806640625
0.1875
0.15234375
0.19970703125
0.24072265625
0.2265625
0.1875
0.19970703125
0.19482421875
0.150390625
0.1669921875
0.17578125
0.17138671875
0.24365234375
0.25341796875
0.24462890625
0.2265625
0.1611328125
0.12451171875
0.08984375
0.09130859375
0.10302734375
0.10693359375
0.0908203125
0.095703125
0.119140625
0.10791015625
0.0478515625
0.07666015625
0.0771484375
0.0390625
0.046875
0.04296875
0.03857421875
0.0625
0.048828125
0.04931640625
0.07666015625
0.05322265625
0.1171875
0.103515625
0.123046875
0.08349609375
0.0419921875
0.04638671875
0.0068359375
0.01953125
0.0146484375
0.0234375
0.04052734375
0.04833984375
0.05810546875
0.029296875
0.0498046875
0.04736328125
0.00634765625
0.01904296875
0.001953125
0.03662109375
0.05419921875
0.0693359375
0.04248046875
0.04833984375
0.0478515625
0.07177734375
0.0419921875
0.05322265625
0.06103515625
0.0380859375
0.0205078125
0.01220703125
0.01220703125
0.009765625
0.01953125
0.046875
0.04052734375
0.1181640625
0.12060546875
0.115234375
0.12744140625
0.19580078125
0.21533203125
0.2333984375
0.23193359375
0.2001953125
0.24853515625
0.25
0.25048828125
0.27099609375
0.24365234375
0.283203125
0.291015625
0.33349609375
0.31787109375
0.357421875
0.361328125
0.3505859375
0.30908203125
0.34912109375
0.31689453125
0.330078125
0.3154296875
0.298828125
0.28955078125
0.248046875
0.24658203125
0.3173828125
0.32861328125
0.34375
0.37255859375
0.376953125
0.36474609375
0.40478515625
0.40625
0.376953125
0.41015625
0.35595703125
0.375
0.43212890625
0.42919921875
0.34716796875
0.36083984375
0.3681640625
0.37744140625
0.380859375
0.3544921875
0.330078125
0.34912109375
0.3271484375
0.31787109375
0.3798828125
0.36767578125
0.34765625
0.31591796875
0.32275390625
0.34619140625
0.328125
0.3515625
0.31787109375
0.3837890625
0.38037109375
0.4072265625
0.400390625
0.41357421875
0.43603515625
0.4560546875
0.44921875
0.50390625
0.5107421875
0.48046875
0.47314453125
0.47216796875
0.44482421875
0.46337890625
0.47021484375
0.4765625
0.44970703125
0.45751953125
0.4443359375
0.404296875
0.412109375
0.41162109375
0.4365234375
0.50244140625
0.50048828125
0.494140625
0.5146484375
0.53857421875
0.5869140625
0.6044921875
0.55126953125
0.49755859375
0.4853515625
0.48779296875
0.5244140625
0.5419921875
0.54296875
0.49462890625
0.4931640625
0.49658203125
0.53125
0.541015625
0.56396484375
0.5517578125
0.54345703125
0.56982421875
0.56982421875
0.580078125
0.54443359375
0.5703125
0.57080078125
0.46630859375
0.4794921875
0.4951171875
0.53662109375
0.55029296875
0.55322265625
0.5341796875
0.5205078125
0.49462890625
0.505859375
0.48046875
0.4775390625
0.4541015625
0.44384765625
0.45947265625
0.505859375
0.48486328125
0.48046875
0.44921875
0.4306640625
0.4140625
0.38720703125
0.3759765625
0.41015625
0.37890625
0.40576171875
0.39453125
0.35302734375
0.38916015625
0.36279296875
0.3759765625
0.421875
0.4462890625
0.42333984375
0.380859375
0.36767578125
0.36962890625
0.37060546875
0.380859375
0.4287109375
0.42138671875
