0.12451171875
0.11328125
0.099609375
0.06103515625
0.15283203125
0.16845703125
0.1865234375
0.18994140625
0.22265625
0.18505859375
0.20849609375
0.25146484375
0.2744140625
0.22119140625
0.2060546875
0.2138671875
0.22216796875
0.2373046875
0.23779296875
0.224609375
0.21435546875
0.2490234375
0.24169921875
0.21728515625
0.22314453125
0.24365234375
0.24462890625
0.27392578125
0.2705078125
0.29052734375
0.29443359375
0.3056640625
0.330078125
0.35595703125
0.359375
0.34619140625
0.3701171875
0.357421875
0.3212890625
0.30224609375
0.2900390625
0.28076171875
0.27978515625
0.31103515625
0.3232421875
0.34326171875
0.38330078125
0.3671875
0.396484375
0.3935546875
0.3857421875
0.42919921875
0.43408203125
0.4423828125
0.44140625
0.4580078125
0.38037109375
0.40966796875
0.43603515625
0.46240234375
0.4248046875
0.4033203125
0.37646484375
0.33642578125
0.3525390625
0.333984375
0.32080078125
0.2666015625
0.24658203125
0.2568359375
0.25927734375
0.3076171875
0.2763671875
0.287109375
0.298828125
0.33447265625
0.33544921875
0.34130859375
0.3427734375
0.33642578125
0.3203125
0.33642578125
0.34375
0.35791015625
0.33544921875
0.37890625
0.31787109375
0.27490234375
0.28759765625
0.3671875
0.3896484375
0.3681640625
0.337890625
0.359375
0.341796875
0.3369140625
0.3427734375
0.39794921875
0.3681640625
0.365234375
0.37353515625
0.35009765625
0.3095703125
0.30517578125
0.30712890625
0.33251953125
0.31689453125
0.33984375
0.30615234375
0.31201171875
0.3173828125
0.2958984375
0.26806640625
0.2890625
0.2783203125
0.30126953125
0.326171875
0.32958984375
0.3408203125
0.3466796875
0.31396484375
0.3076171875
0.30224609375
0.23974609375
0.21484375
0.21728515625
0.2060546875
0.201171875
0.2333984375
0.2421875
0.2685546875
0.2744140625
0.27490234375
0.26220703125
0.24560546875
0.22119140625
0.19189453125
0.18701171875
0.1650390625
0.1826171875
0.19970703125
0.177734375
0.1787109375
0.169921875
0.2021484375
0.2646484375
0.27978515625
0.3037109375
0.30078125
0.29541015625
0.2607421875
0.244140625
0.21484375
0.171875
0.19140625
0.2265625
0.19921875
0.140625
0.11669921875
0.08837890625
0.068359375
0.06884765625
0.03564453125
0.0087890625
0.02001953125
0.041015625
0.0712890625
0.1162109375
0.12109375
0.1337890625
0.11279296875
0.11279296875
0.08447265625
0.0927734375
0.08740234375
0.0595703125
0.07568359375
0.0703125
0.08447265625
0.0322265625
0.01513671875
0.04638671875
0.02783203125
0.05126953125
0.05859375
0.01513671875
0.0283203125
0.009765625
0.02880859375
0.056640625
0.06396484375
0.02685546875
0.072265625
0.08447265625
0.10693359375
0.11962890625
0.10791015625
0.09814453125
0.09375
0.078125
0.0625
0.09130859375
0.0810546875
0.09521484375
0.09716796875
0.1015625
0.12939453125
0.14501953125
0.11962890625
0.08984375
0.107421875
0.087890625
0.05908203125
0.1015625
0.111328125
0.11669921875
0.15185546875
0.1240234375
0.0869140625
0.14697265625
0.1591796875
0.162109375
0.1953125
0.1884765625
0.1806640625
0.1982421875
0.16015625
0.11376953125
0.14599609375
0.150390625
0.1220703125
0.19775390625
0.2568359375
0.26171875
0.31103515625
0.31884765625
0.30517578125
0.30859375
0.29345703125
0.26171875
0.2802734375
0.2900390625
0.26171875
0.24560546875
0.2001953125
0.22265625
0.22314453125
0.232421875
0.26708984375
0.21875
0.2421875
0.251953125
0.2685546875
0.275390625
0.3134765625
0.33935546875
0.37939453125
0.35107421875
0.31103515625
0.30615234375
0.333984375
0.2607421875
0.25732421875
0.24560546875
0.21484375
0.2763671875
0.2880859375
0.30908203125
0.357421875
0.35107421875
0.361328125
0.345703125
0.37451171875
0.37353515625
0.36572265625
0.30078125
0.27392578125
0.3095703125
0.30810546875
0.29638671875
0.30615234375
0.302734375
0.244140625
0.2509765625
0.2353515625
0.2421875
0.24267578125
0.20849609375
0.1767578125
0.14306640625
0.14111328125
0.15625
0.1611328125
0.13037109375
0.1259765625
0.123046875
0.16943359375
0.1826171875
0.177734375
0.15966796875
0.15673828125
0.19091796875
0.19580078125
0.20361328125
0.18359375
0.15478515625
0.0966796875
0.09033203125
0.10205078125
0.07666015625
0.07568359375
0.056640625
0.05615234375
0.0400390625
0.08740234375
0.125
0.14404296875
0.18603515625
0.18994140625
0.23486328125
0.26318359375
0.255859375
0.26171875
0.279296875
0.318359375
0.3427734375
0.37890625
0.4013671875
0.3330078125
0.314453125
0.3154296875
0.3603515625
0.40966796875
0.42529296875
0.4169921875
0.412109375
0.42431640625
0.41015625
0.34765625
0.3544921875
0.36669921875
0.380859375
0.36474609375
0.3154296875
0.32958984375
0.3046875
0.3232421875
0.35546875
0.37451171875
0.375
0.390625
0.38818359375
0.3671875
0.412109375
0.39990234375
0.38037109375
0.400390625
0.39599609375
0.4267578125
0.43408203125
0.3984375
0.37109375
0.33056640625
0.29150390625
0.30908203125
0.32080078125
0.32958984375
0.32080078125
0.28662109375
0.3251953125
0.33203125
0.3515625
0.3701171875
0.33447265625
0.341796875
0.3642578125
0.39111328125
0.3994140625
0.36083984375
0.3095703125
0.28173828125
0.27001953125
0.22998046875
0.21533203125
0.19873046875
0.13818359375
0.15234375
0.10205078125
0.0693359375
0.0712890625
0.09423828125
0.095703125
0.07568359375
0.06005859375
0.09716796875
0.052734375
0.072265625
0.0087890625
0.0341796875
0.0185546875
0.01708984375
0.01416015625
0.04296875
0.0087890625
0.0048828125
0.00634765625
0.01611328125
0.0751953125
0.10205078125
0.1181640625
0.13916015625
0.19970703125
0.17626953125
0.1630859375
0.14794921875
0.1337890625
0.140625
0.12255859375
0.12158203125
0.1875
0.19677734375
0.216796875
0.2080078125
0.162109375
0.1669921875
0.18017578125
0.2119140625
0.23095703125
0.24755859375
0.2421875
0.28759765625
0.32470703125
0.30126953125
0.23681640625
0.29443359375
0.2890625
0.2939453125
0.3076171875
0.30419921875
0.27734375
0.1904296875
0.205078125
0.20654296875
0.1962890625
0.23779296875
0.244140625
0.24072265625
0.2685546875
0.2431640625
0.2177734375
0.24169921875
0.26171875
0.24755859375
0.25439453125
0.19677734375
0.203125
0.169921875
0.169921875
0.17919921875
0.18505859375
0.19970703125
0.185546875
0.12255859375
0.10693359375
0.126953125
0.13916015625
0.09912109375
0.13037109375
0.126953125
0.109375
0.12646484375
0.1513671875
0.14013671875
0.15478515625
0.1435546875
0.138671875
0.1689453125
0.22607421875
0.22705078125
0.1923828125
0.2587890625
0.28759765625
0.28955078125
0.32763671875
0.3671875
0.359375
0.34033203125
0.33935546875
0.34423828125
0.32421875
0.26220703125
0.2294921875
0.2353515625
0.19677734375
0.177734375
0.16552734375
0.15673828125
0.13818359375
0.13720703125
0.12744140625
0.07470703125
0.08544921875
0.0498046875
0.06689453125
0.10595703125
0.109375
0.11083984375
0.0654296875
0.0517578125
0.09326171875
0.07568359375
0.11474609375
0.07421875
0.1220703125
0.1416015625
0.15234375
0.12548828125
0.10888671875
0.09619140625
0.08935546875
0.09326171875
0.1044921875
0.09814453125
0.1123046875
0.1328125
0.08642578125
0.03564453125
0.0048828125
0.02880859375
0.00537109375
0.00537109375
0.0458984375
0.02490234375
0.0390625
0.02685546875
0.0546875
0.0380859375
0.00341796875
0.021484375
0.01806640625
0.017578125
0.02490234375
0.02001953125
0.01220703125
0.01025390625
0.015625
0.00341796875
0.0537109375
0.06787109375
0.00146484375
0.048828125
0.0146484375
0.02978515625
0.01611328125
0.005859375
0.0224609375
0.02001953125
0.05419921875
0.05419921875
0.03173828125
0.01123046875
0.00390625
0.02392578125
0.04443359375
0.01123046875
0.0419921875
0.001953125
0.03662109375
0.06787109375
0.10693359375
0.1435546875
0.1005859375
0.1181640625
0.12060546875
0.08984375
0.142578125
0.103515625
0.087890625
0.134765625
0.111328125
0.1064453125
0.1416015625
0.16259765625
0.08740234375
0.06787109375
0.0791015625
0.1162109375
0.09619140625
0.11669921875
0.1162109375
0.0986328125
0.10009765625
0.0849609375
0.10302734375
0.08740234375
0.095703125
0.09228515625
0.07373046875
0.06591796875
0.02685546875
0.056640625
0.1025390625
0.1591796875
0.15283203125
0.16357421875
0.19189453125
0.18310546875
0.1826171875
0.21875
0.18896484375
0.16845703125
0.17431640625
0.1875
0.1787109375
0.216796875
0.23828125
0.1884765625
0.19384765625
0.2177734375
0.21533203125
0.22900390625
0.16845703125
0.212890625
0.22412109375
0.24072265625
0.2529296875
0.29052734375
0.28515625
0.2939453125
0.29248046875
0.28857421875
0.26025390625
0.31640625
0.35888671875
0.3427734375
0.37060546875
0.3701171875
0.37744140625
0.3515625
0.353515625
0.3193359375
0.34130859375
0.3076171875
0.3193359375
0.29443359375
0.2998046875
0.33154296875
0.26953125
0.2197265625
0.25439453125
0.232421875
0.275390625
0.298828125
0.30908203125
0.2890625
0.3125
0.30615234375
0.2666015625
0.240234375
0.25
0.3017578125
0.33544921875
0.306640625
0.31689453125
0.32666015625
0.32275390625
0.259765625
0.27880859375
0.26220703125
0.2568359375
0.240234375
0.2470703125
0.26171875
0.2451171875
0.21435546875
0.24853515625
0.2705078125
0.24365234375
0.24609375
0.236328125
0.2685546875
0.25927734375
0.2587890625
0.28515625
0.30517578125
0.34619140625
0.369140625
0.4306640625
0.4599609375
0.49072265625
0.42041015625
0.38232421875
0.3701171875
0.361328125
0.3173828125
0.31298828125
0.30810546875
0.2998046875
0.31396484375
0.31298828125
0.3251953125
0.33203125
0.31689453125
0.30322265625
0.31103515625
0.2783203125
0.25048828125
0.27685546875
0.24169921875
0.23974609375
0.22314453125
0.21923828125
0.2177734375
0.2333984375
0.22265625
0.2529296875
0.28515625
0.28173828125
0.32763671875
0.29443359375
0.28662109375
0.2763671875
0.25390625
0.22705078125
0.21337890625
0.24169921875
0.2490234375
0.2421875
0.2236328125
0.24658203125
0.25830078125
0.3193359375
0.4091796875
0.43212890625
0.421875
0.42626953125
0.42626953125
0.40283203125
0.4462890625
0.49462890625
0.5087890625
0.521484375
0.53466796875
0.56787109375
0.58154296875
0.5791015625
0.63671875
0.6259765625
0.64208984375
0.60693359375
0.5830078125
0.57861328125
0.56884765625
0.595703125
0.58251953125
0.6064453125
0.64013671875
0.59765625
0.63330078125
0.6494140625
0.607421875
0.6279296875
0.62841796875
0.57177734375
0.5634765625
0.55810546875
0.5556640625
0.5869140625
0.60693359375
0.64013671875
0.61181640625
0.619140625
0.60595703125
0.60791015625
0.62548828125
0.6279296875
0.6328125
0.60107421875
0.59716796875
0.55859375
0.56689453125
0.57666015625
0.5859375
0.58984375
0.62890625
0.59814453125
0.591796875
0.58984375
0.58447265625
0.6171875
0.609375
0.6015625
0.58642578125
0.61181640625
0.63525390625
0.70263671875
0.6796875
0.66796875
0.646484375
0.63232421875
0.6181640625
0.6279296875
0.6083984375
0.62890625
0.57177734375
0.54150390625
0.5068359375
0.5107421875
0.47802734375
0.44580078125
0.45556640625
0.46044921875
0.47900390625
0.50048828125
0.4892578125
0.4345703125
0.400390625
0.43701171875
0.43994140625
0.4794921875
0.50146484375
0.50146484375
0.494140625
0.43359375
0.43603515625
0.47119140625
0.48828125
0.4755859375
0.4384765625
0.404296875
0.41015625
0.37548828125
0.39111328125
0.4189453125
0.423828125
0.4521484375
0.439453125
0.4423828125
0.40966796875
0.3974609375
0.369140625
0.35009765625
0.3544921875
0.357421875
0.4423828125
0.427734375
0.47607421875
0.515625
0.5009765625
0.4375
0.46484375
0.43701171875
0.470703125
0.48779296875
0.45849609375
0.46435546875
0.47119140625
0.5380859375
0.5087890625
0.47705078125
0.46923828125
0.4580078125
0.5048828125
0.52294921875
0.51025390625
0.47509765625
0.50146484375
0.533203125
0.51025390625
0.52734375
0.52978515625
0.47021484375
0.44189453125
0.470703125
0.501953125
0.490234375
0.53857421875
0.5751953125
0.54443359375
0.5849609375
0.5703125
0.56787109375
0.5771484375
0.548828125
0.54248046875
0.515625
0.46435546875
0.45263671875
0.4638671875
0.46826171875
0.4248046875
0.40185546875
0.45361328125
0.48291015625
0.46728515625
0.45947265625
0.40185546875
0.3984375
0.31591796875
0.37353515625
0.37255859375
0.38916015625
0.35986328125
0.38623046875
0.39111328125
0.392578125
0.369140625
0.400390625
0.384765625
0.4296875
0.41943359375
0.39208984375
0.3857421875
0.3642578125
0.30810546875
0.28466796875
0.2900390625
0.2763671875
0.33984375
0.4033203125
0.3486328125
0.33349609375
0.3271484375
0.30517578125
0.29248046875
0.30126953125
0.2734375
0.24853515625
0.23974609375
0.22900390625
0.1865234375
0.2392578125
0.28466796875
0.2431640625
0.22509765625
0.197265625
0.20947265625
0.20068359375
0.212890625
0.171875
0.1484375
0.12451171875
0.1337890625
0.1728515625
0.19384765625
0.18115234375
0.22509765625
0.24267578125
0.2509765625
0.27001953125
0.263671875
0.2568359375
0.2705078125
0.29931640625
0.31201171875
0.3798828125
0.37158203125
0.39453125
0.36474609375
0.33154296875
0.34765625
0.345703125
0.375
0.40625
0.39453125
0.4140625
0.43408203125
0.4912109375
0.5224609375
0.525390625
0.5283203125
0.50244140625
0.52783203125
0.52392578125
0.51318359375
0.5009765625
0.484375
0.47802734375
0.48388671875
0.50634765625
0.517578125
0.5380859375
0.57470703125
0.5615234375
0.54248046875
0.54736328125
0.54248046875
0.541015625
0.55078125
0.55712890625
0.56591796875
0.57470703125
0.55078125
0.5361328125
0.54638671875
0.53955078125
0.52392578125
0.54150390625
0.49169921875
0.50732421875
