0.57958984375
0.58203125
0.59130859375
0.61328125
0.64111328125
0.63623046875
0.67236328125
0.64599609375
0.65625
0.6494140625
0.67236328125
0.6923828125
0.7001953125
0.69873046875
0.71044921875
0.69287109375
0.7158203125
0.73095703125
0.70556640625
0.7109375
0.7275390625
0.77685546875
0.76611328125
0.77197265625
0.75439453125
0.748046875
0.7392578125
0.76513671875
0.75830078125
0.74072265625
0.74853515625
0.72802734375
0.716796875
0.7138671875
0.705078125
0.69873046875
0.71923828125
0.74462890625
0.763671875
0.75146484375
0.779296875
0.74609375
0.73681640625
0.724609375
0.7060546875
0.69775390625
0.70654296875
0.72216796875
0.71728515625
0.71826171875
0.6806640625
0.68017578125
0.68994140625
0.72900390625
0.75244140625
0.74755859375
0.71142578125
0.7216796875
0.72265625
0.7275390625
0.70458984375
0.7119140625
0.71630859375
0.7236328125
0.71875
0.71826171875
0.69970703125
0.67431640625
0.66162109375
0.646484375
0.66748046875
0.70849609375
0.73193359375
0.771484375
0.75341796875
0.72021484375
0.73583984375
0.71826171875
0.70654296875
0.7275390625
0.69287109375
0.71630859375
0.72509765625
0.7509765625
0.69677734375
0.68212890625
0.69384765625
0.69921875
0.71826171875
0.71533203125
0.72998046875
0.7216796875
0.70751953125
0.7177734375
0.71484375
0.70263671875
0.68603515625
0.6943359375
0.6650390625
0.69091796875
0.6962890625
0.7001953125
0.73583984375
0.7109375
0.6640625
0.7158203125
0.73486328125
0.73486328125
0.76416015625
0.8017578125
0.80810546875
0.7890625
0.80078125
0.783203125
0.7626953125
0.74072265625
0.7255859375
0.7197265625
0.7080078125
0.72509765625
0.74169921875
0.7666015625
0.7421875
0.7412109375
0.70458984375
0.71142578125
0.7421875
0.74755859375
0.72802734375
0.7080078125
0.7177734375
0.72900390625
0.73486328125
0.77001953125
0.78857421875
0.7744140625
0.77490234375
0.77490234375
0.76025390625
0.72607421875
0.724609375
0.71044921875
0.7421875
0.74365234375
0.77587890625
0.77783203125
0.76025390625
0.759765625
0.78125
0.744140625
0.74072265625
0.7392578125
0.74951171875
0.75634765625
0.763671875
0.76806640625
0.7373046875
0.72607421875
0.7275390625
0.73291015625
0.744140625
0.74951171875
0.73291015625
0.78466796875
0.783203125
0.76513671875
0.75341796875
0.7783203125
0.77294921875
0.76318359375
0.75146484375
0.76513671875
0.75732421875
0.7470703125
0.74609375
0.7509765625
0.75927734375
0.7666015625
0.73779296875
0.73681640625
0.7685546875
0.76611328125
0.7490234375
0.75
0.74658203125
0.74755859375
0.7509765625
0.75146484375
0.7392578125
0.70458984375
0.72412109375
0.728515625
0.708984375
0.66748046875
0.64990234375
0.6767578125
0.69140625
0.7109375
0.693359375
0.697265625
0.69384765625
0.7451171875
0.7421875
0.73779296875
0.7314453125
0.70458984375
0.73291015625
0.71923828125
0.71435546875
0.7255859375
0.6982421875
0.7041015625
0.67626953125
0.72705078125
0.70068359375
0.6806640625
0.67724609375
0.6943359375
0.71728515625
0.71923828125
0.736328125
0.7509765625
0.73388671875
0.76123046875
0.75732421875
0.7705078125
0.8125
0.80712890625
0.806640625
0.7900390625
0.78515625
0.8154296875
0.81396484375
0.8115234375
0.7998046875
0.7939453125
0.8193359375
0.79541015625
0.77099609375
0.7861328125
0.7822265625
0.80810546875
0.794921875
0.80859375
0.80078125
0.81005859375
0.810546875
0.7939453125
0.79541015625
0.80126953125
0.78369140625
0.77392578125
0.72998046875
0.74609375
0.74951171875
0.74560546875
0.75732421875
0.7421875
0.75244140625
0.74169921875
0.72705078125
0.71337890625
0.748046875
0.73046875
0.70361328125
0.71875
0.69775390625
0.67138671875
0.65625
0.68798828125
0.71044921875
0.69287109375
0.72265625
0.748046875
0.73974609375
0.7587890625
0.7734375
0.74560546875
0.7392578125
0.73095703125
0.73779296875
0.75390625
0.75341796875
0.73681640625
0.7705078125
0.74462890625
0.71240234375
0.7333984375
0.73486328125
0.73779296875
0.72265625
0.73291015625
0.72412109375
0.72314453125
0.669921875
0.68505859375
0.70703125
0.7021484375
0.71484375
0.7431640625
0.74462890625
0.759765625
0.74609375
0.75634765625
0.7529296875
0.71875
0.69677734375
0.6611328125
0.646484375
0.70947265625
0.70849609375
0.69091796875
0.70263671875
0.70703125
0.70654296875
0.70703125
0.71435546875
0.73779296875
0.74853515625
0.74951171875
0.73876953125
0.73291015625
0.7451171875
0.77001953125
0.80078125
0.78515625
0.7880859375
0.7998046875
0.79345703125
0.794921875
0.79833984375
0.8193359375
0.80615234375
0.80859375
0.7734375
0.74755859375
0.73388671875
0.73828125
0.791015625
0.79150390625
0.78564453125
0.80078125
0.791015625
0.7802734375
0.77587890625
0.77978515625
0.787109375
0.75048828125
0.76025390625
0.73974609375
0.7412109375
0.73193359375
0.72314453125
0.74365234375
0.73974609375
0.73828125
0.74609375
0.72509765625
0.6982421875
0.69921875
0.70849609375
0.72021484375
0.716796875
0.66943359375
0.638671875
0.66552734375
0.64794921875
0.642578125
0.60498046875
0.57568359375
0.625
0.60791015625
0.615234375
0.62841796875
0.61669921875
0.61572265625
0.62890625
0.58251953125
0.56005859375
0.552734375
0.53173828125
0.5146484375
0.533203125
0.55029296875
0.568359375
0.62939453125
0.6689453125
0.6826171875
0.66552734375
0.71435546875
0.693359375
0.681640625
0.71142578125
0.71923828125
0.75048828125
0.7841796875
0.78955078125
0.7939453125
0.779296875
0.740234375
0.7236328125
0.7421875
0.76953125
0.78173828125
0.77001953125
0.77490234375
0.75341796875
0.74951171875
0.76025390625
0.76416015625
0.7470703125
0.73291015625
0.7001953125
0.70166015625
0.6982421875
0.70263671875
0.71240234375
0.72509765625
0.73046875
0.765625
0.7666015625
0.77685546875
0.76611328125
0.7880859375
0.75927734375
0.72900390625
0.7177734375
0.724609375
0.6865234375
0.71044921875
0.72314453125
0.7255859375
0.7255859375
0.76611328125
0.7451171875
0.74267578125
0.7783203125
0.759765625
0.75927734375
0.734375
0.7216796875
0.720703125
0.73876953125
0.7568359375
0.76025390625
0.751953125
0.76220703125
0.751953125
0.7646484375
0.74267578125
0.755859375
0.76416015625
0.76416015625
0.748046875
0.759765625
0.77490234375
0.787109375
0.80078125
0.8037109375
0.81640625
0.80126953125
0.771484375
0.7607421875
0.73486328125
0.74609375
0.74951171875
0.74755859375
0.75146484375
0.73681640625
0.7314453125
0.7216796875
0.75048828125
0.75048828125
0.7373046875
0.74267578125
0.72998046875
0.72900390625
0.734375
0.74853515625
0.75244140625
0.76806640625
0.78466796875
0.763671875
0.76513671875
0.77001953125
0.75537109375
0.796875
0.80322265625
0.81298828125
0.78125
0.7998046875
0.81005859375
0.77880859375
0.78271484375
0.806640625
0.79638671875
0.8095703125
0.7841796875
0.7255859375
0.74169921875
0.73779296875
0.73193359375
0.75146484375
0.724609375
0.744140625
0.76611328125
0.759765625
0.736328125
0.70458984375
0.67822265625
0.6884765625
0.70166015625
0.68798828125
0.66943359375
0.68896484375
0.71435546875
0.7275390625
0.72509765625
0.70556640625
0.71875
0.69140625
0.68701171875
0.69677734375
0.7158203125
0.72119140625
0.69384765625
0.68505859375
0.7080078125
0.720703125
0.736328125
0.7529296875
0.75244140625
0.744140625
0.7529296875
0.73583984375
0.70703125
0.685546875
0.67724609375
0.64111328125
0.66748046875
0.64404296875
0.6728515625
0.6630859375
0.658203125
0.68408203125
0.70849609375
0.6875
0.68603515625
0.7177734375
0.748046875
0.73876953125
0.783203125
0.7470703125
0.7578125
0.7548828125
0.77197265625
0.7578125
0.77978515625
0.783203125
0.7900390625
0.80078125
0.78125
0.76513671875
0.75439453125
0.7587890625
0.77001953125
0.794921875
0.80517578125
0.7939453125
0.8193359375
0.81591796875
0.8017578125
0.802734375
0.82275390625
0.8134765625
0.8134765625
0.8017578125
0.77783203125
0.8017578125
0.79296875
0.748046875
0.76220703125
0.775390625
0.7548828125
0.7548828125
0.73681640625
0.74658203125
0.75390625
0.7763671875
0.77490234375
0.775390625
0.74951171875
0.7607421875
0.74853515625
0.76806640625
0.74755859375
0.76953125
0.77880859375
0.7880859375
0.80322265625
0.81298828125
0.82177734375
0.83837890625
0.83203125
0.7919921875
0.794921875
0.79248046875
0.8076171875
0.7939453125
0.8076171875
0.80029296875
0.79541015625
0.7939453125
0.78515625
0.79296875
0.78125
0.74609375
0.734375
0.75830078125
0.76904296875
0.7646484375
0.732421875
0.72314453125
0.712890625
0.73095703125
0.72265625
0.70263671875
0.72802734375
0.7197265625
0.67041015625
0.720703125
0.70556640625
0.6845703125
0.671875
0.69482421875
0.68603515625
0.662109375
0.67822265625
0.6611328125
0.65625
0.63037109375
0.6669921875
0.6259765625
0.6552734375
0.66845703125
0.7060546875
0.69091796875
0.71630859375
0.728515625
0.71435546875
0.65771484375
0.67138671875
0.72021484375
0.71875
0.73583984375
0.7314453125
0.71435546875
0.74072265625
0.748046875
0.75146484375
0.7138671875
0.72021484375
0.677734375
0.6748046875
0.70849609375
0.7041015625
0.70166015625
0.7177734375
0.7412109375
0.73046875
0.7490234375
0.77978515625
0.783203125
0.779296875
0.77685546875
0.76025390625
0.7568359375
0.75927734375
0.7421875
0.748046875
0.7060546875
0.68310546875
0.65478515625
0.63330078125
0.65185546875
0.671875
0.64208984375
0.6708984375
0.6650390625
0.66943359375
0.6484375
0.67041015625
0.67333984375
0.65869140625
0.6513671875
0.6494140625
0.6435546875
0.63671875
0.65234375
0.6318359375
0.63623046875
0.6318359375
0.64306640625
0.669921875
0.673828125
0.640625
0.66552734375
0.623046875
0.63427734375
0.64306640625
0.6767578125
0.68896484375
0.6884765625
0.69384765625
0.69921875
0.7255859375
0.7509765625
0.7333984375
0.7607421875
0.7548828125
0.70458984375
0.7001953125
0.7177734375
0.73974609375
0.74658203125
0.73974609375
0.73974609375
0.77587890625
0.76171875
0.7451171875
0.7138671875
0.71484375
0.72900390625
0.7265625
0.73193359375
0.72802734375
0.751953125
0.78125
0.76953125
0.7587890625
0.748046875
0.71240234375
0.70361328125
0.701171875
0.6796875
0.67919921875
0.63623046875
0.63330078125
0.65869140625
0.68359375
0.744140625
0.72119140625
0.74951171875
0.7568359375
0.74169921875
0.74609375
0.72216796875
0.7333984375
0.7294921875
0.71435546875
0.712890625
0.72509765625
0.6796875
0.69873046875
0.6904296875
0.6689453125
0.669921875
0.70361328125
0.6884765625
0.67431640625
0.68603515625
0.6845703125
0.6904296875
0.67138671875
0.64208984375
0.66064453125
0.6552734375
0.681640625
0.6953125
0.673828125
0.65478515625
0.63671875
0.6533203125
0.62744140625
0.6171875
0.58349609375
0.58251953125
0.5546875
0.591796875
0.623046875
0.65625
0.6826171875
0.6767578125
0.666015625
0.7236328125
0.7021484375
0.72412109375
0.728515625
0.697265625
0.70947265625
0.72705078125
0.71826171875
0.72900390625
0.716796875
0.740234375
0.72802734375
0.72412109375
0.71484375
0.68994140625
0.6904296875
0.666015625
0.69384765625
0.6630859375
0.65185546875
0.63232421875
0.626953125
0.6396484375
0.6240234375
0.67333984375
0.6796875
0.65966796875
0.66064453125
0.62060546875
0.6240234375
0.6630859375
0.6728515625
0.69580078125
0.70361328125
0.72265625
0.701171875
0.68017578125
0.6591796875
0.70068359375
0.748046875
0.69384765625
0.71142578125
0.75732421875
0.73974609375
0.78857421875
0.80419921875
0.76611328125
0.7783203125
0.76220703125
0.7265625
0.7373046875
0.7373046875
0.77734375
0.75634765625
0.759765625
0.7705078125
0.7568359375
0.77978515625
0.74560546875
0.7666015625
0.77734375
0.75830078125
0.75537109375
0.76123046875
0.734375
0.7490234375
0.7431640625
0.779296875
0.77685546875
0.7685546875
0.74658203125
0.76123046875
0.78662109375
0.765625
0.75146484375
0.77099609375
0.77734375
0.78564453125
0.78466796875
0.80224609375
0.78515625
0.7802734375
0.80126953125
0.7958984375
0.78564453125
0.787109375
0.81298828125
0.78125
0.79638671875
0.767578125
0.76123046875
0.73779296875
0.74462890625
0.73291015625
0.73974609375
0.732421875
0.66943359375
0.6767578125
0.6396484375
0.646484375
0.6552734375
0.66650390625
0.65283203125
0.64404296875
0.64111328125
0.67041015625
0.6650390625
0.6611328125
0.6455078125
0.64794921875
0.63330078125
0.60302734375
0.59423828125
0.60205078125
0.5634765625
0.5888671875
0.60888671875
0.59619140625
0.6044921875
0.55322265625
0.56884765625
0.5810546875
0.5673828125
0.568359375
0.55908203125
0.5087890625
0.533203125
0.54248046875
0.5859375
0.580078125
0.5634765625
0.53515625
0.55517578125
0.52099609375
0.53125
0.56298828125
0.56689453125
0.5498046875
0.58935546875
0.59912109375
0.5888671875
0.5947265625
0.580078125
0.5810546875
0.61376953125
0.6748046875
0.69189453125
0.67041015625
0.6875
0.65673828125
0.64306640625
0.6416015625
0.5986328125
0.60107421875
0.60693359375
0.6025390625
0.615234375
0.61767578125
0.638671875
0.61376953125
0.5625
0.57861328125
0.59716796875
0.619140625
0.62548828125
0.60400390625
0.61181640625
0.62353515625
0.638671875
0.626953125
0.61083984375
0.619140625
0.6220703125
0.61083984375
0.64208984375
0.59765625
0.58154296875
0.57666015625
0.56689453125
0.59375
0.6162109375
0.6025390625
0.63671875
0.63427734375
0.6494140625
0.6455078125
0.6611328125
0.6708984375
0.72705078125
0.72265625
0.6845703125
0.6630859375
0.677734375
0.689453125
0.68798828125
0.68505859375
0.716796875
0.69580078125
0.69970703125
0.7236328125
0.74365234375
0.7373046875
0.7060546875
0.69775390625
0.6953125
0.6689453125
