0.5008
0.5056
0.504
0.5176
0.4856
0.4512
0.4744
0.4552
0.424
0.4264
0.4296
0.38
0.4216
0.368
0.428
0.3928
0.416
0.4456
0.4496
0.4888
0.452
0.4376
0.384
0.4064
0.4232
0.3368
0.3448
0.284
0.2864
0.3416
0.3552
0.2856
0.2544
0.2768
0.2832
0.2784
0.2904
0.3232
0.3248
0.348
0.3688
0.4008
0.4624
0.3992
0.3144
0.3104
0.3328
0.3408
0.3584
0.3624
0.4064
0.38
0.4064
0.4176
0.4536
0.492
0.524
0.5464
0.528
0.5952
0.5328
0.5592
0.5504
0.5656
0.6096
0.6248
0.6248
0.6424
0.6496
0.6104
0.6232
0.6544
0.64
0.6704
0.6304
0.616
0.6192
0.5896
0.6168
0.6752
0.6568
0.6528
0.6744
0.7056
0.6776
0.6672
0.6536
0.644
0.6096
0.6
0.5752
0.568
0.6352
0.5576
0.548
0.5984
0.5936
0.5872
0.5768
0.556
0.6224
0.6032
0.6168
0.5976
0.5744
0.5488
0.5568
0.6008
0.5544
0.4688
0.4808
0.5352
0.54
0.5016
0.4824
0.48
0.48
0.52
0.4992
0.5088
0.4968
0.4784
0.4776
0.4888
0.5184
0.536
0.52
0.5192
0.512
0.4696
0.4704
0.4168
0.3872
0.412
0.4608
0.4808
0.532
0.5392
0.4808
0.5072
0.4648
0.4736
0.4696
0.464
0.3512
0.2928
0.3048
0.2664
0.2848
0.2592
0.2544
0.2776
0.2688
0.2632
0.2568
0.2256
0.2272
0.2512
0.22
0.2488
0.2064
0.1504
0.1824
0.1712
0.1608
0.1968
0.2576
0.2544
0.2856
0.2792
0.1896
0.1744
0.1984
0.2096
0.2224
0.1472
0.0736
0.0968
0.0792
0.1152
0.1
0.1256
0.1184
0.1648
0.128
0.1312
0.1816
0.176
0.212
0.1928
0.212
0.228
0.2368
0.2352
0.2328
0.2688
0.3056
0.3072
0.2936
0.268
0.2784
0.2336
0.1984
0.1528
0.1688
0.1504
0.1544
0.1856
0.2024
0.1928
0.2672
0.284
0.3248
0.2968
0.2464
0.2288
0.2216
0.1544
0.12
0.1152
0.0912
0.1352
0.1632
0.2
0.2448
0.2392
0.2424
0.2256
0.232
0.236
0.156
0.1688
0.1592
0.1584
0.1768
0.1824
0.1536
0.1696
0.1424
0.1704
0.1416
0.1688
0.2376
0.2752
0.3024
0.3304
0.3584
0.3552
0.388
0.4144
0.4352
0.432
0.4256
0.4296
0.4512
0.5048
0.472
0.5296
0.5384
0.5504
0.572
0.5528
0.4832
0.5104
0.504
0.5392
0.544
0.5248
0.5248
0.5392
0.5168
0.508
0.4696
0.428
0.436
0.4184
0.3912
0.4264
0.4456
0.4104
0.3808
0.3656
0.3888
0.432
0.4232
0.4624
0.4632
0.5312
0.504
0.4768
0.488
0.504
0.476
0.4624
0.4816
0.4568
0.3648
0.372
0.3864
0.3424
0.364
0.404
0.4776
0.4768
0.4864
0.4712
0.4368
0.4648
0.4008
0.4176
0.4768
0.48
0.4808
0.4912
0.5288
0.5784
0.5808
0.568
0.532
0.5472
0.5536
0.5808
0.5832
0.6032
0.6352
0.64
0.6536
0.656
0.644
0.632
0.6456
0.6376
0.6992
0.7648
0.7088
0.6984
0.6568
0.6144
0.6648
0.6704
0.6152
0.6304
0.644
0.6232
0.616
0.572
0.5592
0.6112
0.6752
0.7088
0.7312
0.7072
0.692
0.712
0.6936
0.6256
0.6024
0.532
0.4944
0.5112
0.5152
0.4832
0.4848
0.4448
0.5056
0.4336
0.4264
0.4576
0.4464
0.4104
0.452
0.4232
0.4216
0.42
0.4528
0.4688
0.4992
0.4768
0.4936
0.5448
0.4896
0.5064
0.5296
0.544
0.5464
0.5816
0.564
0.504
0.5504
0.5568
0.5624
0.5872
0.5592
0.5552
0.5472
0.5248
0.4904
0.512
0.5816
0.5672
0.5632
0.6384
0.6224
0.644
0.5776
0.5472
0.6344
0.5832
0.5224
0.4816
0.4632
0.4968
0.5256
0.5296
0.5448
0.5208
0.4728
0.4464
0.4024
0.384
0.4032
0.384
0.3544
0.416
0.4168
0.3448
0.308
0.3272
0.3368
0.3248
0.3072
0.2432
0.3184
0.392
0.4376
0.4424
0.4424
0.3968
0.4112
0.396
0.3832
0.3808
0.3568
0.3656
0.3504
0.336
0.2928
0.2928
0.292
0.188
0.2216
0.204
0.2224
0.2024
0.2376
0.2016
0.1512
0.14
0.1192
0.1488
0.16
0.2072
0.1832
0.168
0.1392
0.096
0.0552
0.044
0.0344
0.0032
0.0832
0.1088
0.0824
0.0904
0.0632
0.0864
0.0408
0.0296
0.0632
0.0144
0.0648
0.0352
0.0336
0.0536
0.0152
0.036
0.0968
0.1864
0.176
0.1312
0.1616
0.1784
0.1904
0.1784
0.1424
0.1248
0.0656
0.0272
0.008
0.008
0.0544
0.0696
0.0576
0.0592
0.056
0.048
0.0664
0.0232
0.0208
0.0392
0.0488
0.0032
0.0088
0.036
0.0312
0.0904
0.0392
0.016
0.0792
0.112
0.1128
0.0888
0.1088
0.0928
0.1024
0.1536
0.2064
0.2112
0.1936
0.1944
0.1968
0.1712
0.1344
0.1024
0.0896
0.0336
0.0368
0.0504
0.0744
0.092
0.0432
0.04
0.0352
0.0112
0.032
0.0608
0.1104
0.1232
0.096
0.076
0.1416
0.108
0.1232
0.1016
0.1048
0.1456
0.092
0.036
0.0808
0.1288
0.1472
0.164
0.1888
0.1648
0.1896
0.1536
0.1744
0.1152
0.0808
0.0368
0.0808
0.056
0.0768
0.0064
0.0096
0.0144
0.0128
0.0008
0.0152
0.0928
0.0888
0.1144
0.0984
0.0816
0.0816
0.0328
0.0424
0.0064
0.008
0.012
0.0184
0.0144
0.0256
0.044
0.1024
0.14
0.1504
0.1408
0.1744
0.1552
0.12
0.192
0.252
0.2264
0.2256
0.1912
0.1824
0.1624
0.176
0.1464
0.0768
0.0744
0.0464
0.0512
0.0216
0.0224
0.0272
0.0472
0.0464
0.0728
0.0784
0.0856
0.088
0.048
0.0064
0.0472
0.036
0.0584
0.1248
0.0472
0.0384
0.0608
0.1192
0.0872
0.1272
0.1688
0.152
0.1968
0.128
0.1488
0.1504
0.1536
0.1696
0.1072
0.0888
0.0696
0.0304
0.004
0.0424
0.0128
0.0096
0.0112
0.06
0.0928
0.0768
0.0528
0.0128
0.0088
0.0088
0.0656
0.1088
0.1656
0.144
0.144
0.1064
0.1224
0.1184
0.1
0.0976
0.0616
0.0008
0.0208
0.04
0.0416
0.0312
0.0656
0.116
0.0896
0.0568
0.0728
0.0336
0.048
0.0608
0.032
0.0304
0.0672
0.0432
0.004
0.0536
0.0368
0.0176
0.012
0.0152
0.0176
0.008
0.0328
0.0224
0.124
0.1688
0.2064
0.2544
0.2144
0.1984
0.2288
0.2168
0.204
0.232
0.2352
0.2176
0.18
0.1528
0.1936
0.256
0.2536
0.2248
0.22
0.208
0.1672
0.1528
0.1592
0.2104
0.1696
0.1608
0.1352
0.1712
0.1872
0.1752
0.2432
0.1968
0.176
0.26
0.2856
0.2608
0.28
0.2552
0.2976
0.3496
0.3192
0.348
0.3064
0.3408
0.312
0.2888
0.2616
0.24
0.2416
0.2056
0.2872
0.2936
0.2792
0.2592
0.2744
0.2472
0.2368
0.2832
0.32
0.2928
0.352
0.38
0.4272
0.3848
0.3264
0.3248
0.4224
0.42
0.388
0.3944
0.3656
0.3432
0.3616
0.3568
0.372
0.432
0.456
0.4432
0.468
0.4816
0.4704
0.4336
0.504
0.4952
0.444
0.4152
0.42
0.4168
0.4416
0.3976
0.448
0.468
0.4552
0.42
0.4104
0.3392
0.3296
0.344
0.4104
0.4448
0.4952
0.5176
0.5384
0.5784
0.5864
0.5936
0.6
0.54
0.5256
0.5496
0.5048
0.5296
0.5144
0.5088
0.4584
0.508
0.5224
0.5424
0.5672
0.5952
0.5656
0.5536
0.592
0.6096
0.6192
0.584
0.5688
0.5136
0.4792
0.4784
0.4832
0.4672
0.4984
0.496
0.4304
0.4896
0.4792
0.428
0.4712
0.4904
0.5144
0.528
0.4864
0.5576
0.5736
0.6048
0.6328
0.6232
0.6304
0.6984
0.6648
0.704
0.7224
0.7576
0.7512
0.724
0.7512
0.7288
0.6984
0.7216
0.7384
0.6944
0.704
0.7024
0.6464
0.6512
0.612
0.6488
0.6864
0.648
0.6232
0.5992
0.6328
0.6152
0.6792
0.688
0.7352
0.724
0.7056
0.7144
0.7056
0.6624
0.6504
0.644
0.6696
0.6424
0.624
0.6184
0.6136
0.5544
0.54
0.5432
0.5952
0.6064
0.572
0.6328
0.5856
0.5768
0.548
0.5136
0.504
0.5352
0.5184
0.5272
0.5512
0.5376
0.5376
0.536
0.5848
0.5904
0.5288
0.4576
0.5216
0.5584
0.588
0.6304
0.6336
0.6928
0.7088
0.7176
0.6912
0.6512
0.6024
0.5672
0.556
0.5192
0.536
0.5864
0.5896
0.636
0.6552
0.6488
0.5944
0.5968
0.5904
0.6584
0.6768
0.6464
0.6392
0.6552
0.7624
0.7584
0.7448
0.7392
0.6744
0.7176
0.6928
0.7408
0.7784
0.716
0.7072
0.7184
0.7104
0.7128
0.7128
0.6696
0.7176
0.732
0.7704
0.7256
0.7184
0.7208
0.6968
0.6928
0.6696
0.7248
0.696
0.6824
0.72
0.6848
0.6072
0.604
0.5616
0.5832
0.5368
0.5712
0.5608
0.5488
0.504
0.5136
0.4472
0.4896
0.4736
0.4848
0.52
0.52
0.5136
0.508
0.5328
0.5472
0.5192
0.5504
0.5288
0.5696
0.572
0.5016
0.528
0.4784
0.4304
0.4328
0.4632
0.444
0.44
