0.3168
0.3064
0.2232
0.2112
0.2184
0.2248
0.184
0.184
0.2104
0.2328
0.2432
0.2896
0.3024
0.2584
0.2896
0.3216
0.4144
0.4224
0.4296
0.476
0.5208
0.4848
0.428
0.4256
0.4832
0.5336
0.564
0.5488
0.5568
0.5664
0.5568
0.5408
0.556
0.5736
0.5496
0.5336
0.4968
0.5248
0.4984
0.4704
0.4064
0.4088
0.3496
0.2904
0.2608
0.28
0.2104
0.2504
0.2504
0.2584
0.2304
0.2008
0.1312
0.12
0.1624
0.18
0.108
0.064
0.0448
0.0136
0.0096
0.0296
0.0408
0.0448
0.0136
0.0336
0.0376
0.0592
0.132
0.136
0.1576
0.1248
0.124
0.0936
0.1496
0.1168
0.0952
0.1032
0.124
0.104
0.1424
0.1976
0.1528
0.1216
0.1096
0.1376
0.1496
0.1416
0.1352
0.0824
0.0848
0.02
0.0552
0.072
0.0896
0.1408
0.092
0.0776
0.0344
0.0272
0.04
0.0808
0.1072
0.0936
0.0704
0.0872
0.1384
0.1608
0.0968
0.04
0.0312
0.0176
0.072
0.0864
0.1
0.0824
0.104
0.1464
0.1328
0.1648
0.1792
0.224
0.256
0.2632
0.2128
0.2568
0.304
0.2736
0.22
0.2344
0.28
0.2496
0.2368
0.2784
0.26
0.2576
0.2056
0.2064
0.16
0.184
0.2248
0.1928
0.2448
0.2352
0.2208
0.2352
0.2176
0.2072
0.2112
0.2688
0.2944
0.3488
0.42
0.416
0.4416
0.3984
0.3672
0.3576
0.3984
0.456
0.4448
0.4112
0.3792
0.3704
0.4184
0.3944
0.3856
0.3736
0.4568
0.42
0.4512
0.4872
0.4672
0.4488
0.496
0.48
0.4912
0.5072
0.4888
0.4888
0.4464
0.4744
0.4224
0.4296
0.3848
0.344
0.2712
0.2952
0.2936
0.2896
0.3008
0.2752
0.2824
0.3496
0.364
0.3224
0.3152
0.42
0.4176
0.3864
0.3832
0.3704
0.44
0.4472
0.4896
0.4744
0.4616
0.4576
0.5032
0.5504
0.5744
0.6
0.5808
0.5808
0.5504
0.5168
0.504
0.4784
0.5008
0.4632
0.4584
0.4816
0.4528
0.4448
0.3472
0.288
0.2656
0.2872
0.372
0.388
0.3424
0.3736
0.4072
0.4008
0.4192
0.4328
0.444
0.464
0.4984
0.5184
0.5408
0.5384
0.5704
0.5576
0.5384
0.5328
0.5296
0.4832
0.5168
0.5392
0.5896
0.596
0.5912
0.612
0.6328
0.5976
0.6104
0.5424
0.5704
0.5592
0.548
0.524
0.5616
0.5688
0.572
0.6232
0.6976
0.6872
0.6992
0.7
0.6824
0.7192
0.6824
0.6456
0.6752
0.6376
0.64
0.5784
0.5376
0.5512
0.5672
0.5392
0.5656
0.6072
0.6472
0.6504
0.6928
0.7056
0.7248
0.732
0.756
0.7808
0.796
0.7608
0.7352
0.72
0.7224
0.728
0.6832
0.692
0.6616
0.6464
0.668
0.6832
0.7176
0.68
0.66
0.6368
0.6344
0.5864
0.62
0.5928
0.6008
0.6128
0.6408
0.616
0.6816
0.7064
0.7048
0.668
0.672
0.6528
0.6824
0.6808
0.6896
0.7248
0.7248
0.6944
0.6952
0.6968
0.712
0.7
0.6792
0.6672
0.5904
0.6008
0.6448
0.6544
0.6832
0.6648
0.6304
0.6568
0.6736
0.6464
0.6216
0.608
0.552
0.5816
0.5224
0.5608
0.5488
0.5624
0.552
0.5528
0.488
0.4984
0.4976
0.444
0.4632
0.48
0.4776
0.4872
0.4808
0.4584
0.416
0.356
0.416
0.4336
0.4792
0.4224
0.4304
0.4208
0.4248
0.4624
0.4456
0.4584
0.4816
0.4848
0.4152
0.4088
0.3904
0.3824
0.4168
0.4344
0.4688
0.464
0.476
0.4848
0.4608
0.5048
0.4888
0.48
0.5056
0.5024
0.5136
0.5296
0.5136
0.5088
0.4928
0.5192
0.5024
0.4712
0.4872
0.512
0.5616
0.5632
0.5016
0.48
0.4528
0.3984
0.4344
0.4224
0.4672
0.4792
0.4912
0.48
0.4208
0.4208
0.4352
0.444
0.428
0.4456
0.46
0.3992
0.368
0.412
0.408
0.344
0.3504
0.3904
0.42
0.4544
0.3408
0.3408
0.3608
0.356
0.388
0.432
0.52
0.576
0.6
0.6288
0.596
0.5616
0.608
0.5536
0.5448
0.584
0.584
0.5984
0.6456
0.7016
0.6912
0.7304
0.7288
0.7264
0.716
0.7144
0.652
0.66
0.5624
0.588
0.5816
0.616
0.628
0.5784
0.6176
0.5928
0.5888
0.5304
0.5232
0.5152
0.512
0.5072
0.46
0.4624
0.42
0.4512
0.4144
0.428
0.3984
0.3336
0.3656
0.3128
0.2952
0.2624
0.272
0.2504
0.2656
0.2896
0.34
0.3304
0.296
0.2456
0.328
0.3456
0.3536
0.4176
0.4472
0.4184
0.4224
0.3968
0.3552
0.3
0.316
0.2624
0.2896
0.3024
0.3144
0.3208
0.2696
0.2608
0.3256
0.3272
0.3696
0.3296
0.2528
0.26
0.2576
0.276
0.3128
0.2872
0.3176
0.3296
0.2952
0.3296
0.3224
0.3336
0.4
0.4248
0.424
0.4168
0.3728
0.3936
0.3768
0.4256
0.4288
0.4272
0.4608
0.476
0.5232
0.5776
0.5368
0.4912
0.4992
0.4736
0.4696
0.4536
0.436
0.4384
0.4336
0.4656
0.4888
0.448
0.4928
0.484
0.5088
0.4704
0.4456
0.432
0.3864
0.42
0.4352
0.472
0.4784
0.5112
0.5256
0.5288
0.5976
0.5832
0.544
0.588
0.4504
0.444
0.4384
0.4232
0.4272
0.4672
0.428
0.4672
0.4272
0.4728
0.5216
0.5256
0.5248
0.4728
0.5
0.5136
0.4872
0.472
0.4576
0.4416
0.4408
0.4296
0.408
0.4176
0.4424
0.472
0.4608
0.4352
0.3976
0.3872
0.3792
0.4096
0.3744
0.364
0.3592
0.4008
0.3456
0.32
0.336
0.3464
0.3464
0.3608
0.2984
0.2624
0.2608
0.3216
0.3096
0.3408
0.3544
0.3552
0.3248
0.3216
0.34
0.372
0.4048
0.4328
0.4816
0.4456
0.4528
0.464
0.4848
0.4752
0.4872
0.508
0.484
0.4872
0.4928
0.46
0.5024
0.5064
0.5384
0.5504
0.5456
0.544
0.5016
0.4984
0.4616
0.4424
0.4576
0.4768
0.4632
0.4568
0.4896
0.4488
0.4848
0.4696
0.4408
0.42
0.412
0.444
0.3528
0.3584
0.3872
0.384
0.376
0.3648
0.404
0.3912
0.3752
0.4296
0.4336
0.4272
0.4824
0.5112
0.5096
0.5792
0.5792
0.5744
0.516
0.5016
0.48
0.4808
0.5008
0.4936
0.5032
0.4832
0.52
0.5392
0.5592
0.5304
0.5336
0.552
0.5608
0.5568
0.5992
0.612
0.6344
0.6136
0.6872
0.6672
0.636
0.6008
0.56
0.556
0.5952
0.6392
0.5944
0.5592
0.5912
0.592
0.5784
0.5896
0.5744
0.524
0.544
0.5096
0.5152
0.504
0.4632
0.4504
0.3952
0.3544
0.3424
0.324
0.3
0.288
0.3144
0.2616
0.2168
0.2016
0.1696
0.2632
0.2552
0.2864
0.2728
0.3208
0.3544
0.372
0.3296
0.3928
0.4136
0.4416
0.4568
0.4816
0.4704
0.4144
0.4024
0.352
0.3552
0.4128
0.3944
0.4128
0.4536
0.4616
0.4632
0.5
0.5344
0.5784
0.5848
0.556
0.568
0.5248
0.5616
0.6016
0.5752
0.4928
0.5312
0.5952
0.5536
0.5496
0.5248
0.5152
0.5344
0.4336
0.4192
0.4136
0.3832
0.38
0.4248
0.4184
0.444
0.4288
0.3904
0.352
0.3256
0.336
0.3096
0.3704
0.344
0.3496
0.316
0.288
0.3024
0.3384
0.3352
0.3272
0.3392
0.3432
0.4144
0.4936
0.5008
0.4784
0.4368
0.4832
0.5064
0.4656
0.4536
0.4832
0.508
0.5712
0.572
0.5592
0.596
0.6224
0.6128
0.5816
0.5472
0.5928
0.6224
0.6096
0.6008
0.5888
0.5672
0.5096
0.4736
0.4912
0.5112
0.5144
0.4896
0.4776
0.5456
0.5264
0.5368
0.5632
0.54
0.5288
0.4912
0.5064
0.5328
0.484
0.5
0.4984
0.5376
0.5336
0.5504
0.5304
0.5192
0.5072
0.5672
0.572
0.6072
0.604
0.6344
0.6
0.584
0.56
0.5752
0.6368
0.6496
0.6544
0.676
0.6648
0.6896
0.716
0.7152
0.704
0.7144
0.7264
0.724
0.7376
0.7768
0.7776
0.7736
0.796
0.8128
0.7792
0.7352
0.7216
0.7304
0.6624
0.668
0.6384
0.6392
0.6128
0.6352
0.5824
0.5856
0.5936
0.5688
0.5392
0.4792
0.4208
0.3992
0.464
0.4664
0.4968
0.5248
0.4368
0.4432
0.4544
0.4384
0.364
0.2888
0.2824
0.2912
0.2744
0.2984
0.2544
0.2096
0.216
0.184
0.196
0.2448
0.3112
0.2648
0.2928
0.32
0.2736
0.3008
0.3432
0.3568
0.4048
0.416
0.3936
0.3728
0.3824
0.3912
0.3616
0.3456
0.36
0.3672
0.3496
0.3632
0.388
0.4504
0.4688
0.5024
0.4776
0.4912
0.5312
0.5624
0.52
0.4816
0.4832
0.4312
0.46
0.4224
0.4336
0.4232
0.4336
0.4296
0.4656
0.5112
0.5336
0.512
0.4824
0.4512
0.5048
0.5592
0.5824
0.5552
0.5704
0.5984
0.5968
0.5944
0.6056
0.6136
0.6144
0.5872
0.6072
0.5864
0.5768
0.6024
0.5976
0.5936
0.5936
0.6112
0.6152
0.5792
0.5784
0.5728
0.5752
0.6024
0.5736
0.5488
0.5824
0.5744
0.5696
0.552
0.5744
0.5192
0.544
0.4976
0.472
0.4968
0.476
0.4464
0.4624
