0.54
0.5792
0.5832
0.5952
0.6
0.616
0.62
0.6224
0.604
0.5928
0.5552
0.5648
0.5592
0.556
0.5736
0.5944
0.6064
0.592
0.5784
0.5952
0.5744
0.5968
0.5952
0.6328
0.6272
0.628
0.6136
0.5792
0.6248
0.6272
0.6464
0.6312
0.6424
0.66
0.6808
0.6704
0.668
0.6848
0.6624
0.6224
0.6184
0.5912
0.616
0.596
0.5904
0.588
0.6416
0.628
0.636
0.6488
0.6208
0.6064
0.5736
0.5656
0.5184
0.5208
0.4936
0.484
0.5016
0.4736
0.4536
0.412
0.46
0.4832
0.5088
0.5144
0.512
0.5216
0.4696
0.4912
0.5136
0.496
0.5088
0.4728
0.4816
0.5
0.4232
0.4448
0.4056
0.3632
0.3424
0.3712
0.356
0.3168
0.3256
0.3616
0.4568
0.464
0.4576
0.4648
0.4728
0.5248
0.5176
0.5176
0.4832
0.4632
0.488
0.4976
0.4544
0.4776
0.4768
0.4664
0.4136
0.4408
0.4952
0.5048
0.576
0.5608
0.5736
0.5608
0.5528
0.5632
0.4864
0.476
0.4728
0.4256
0.432
0.4136
0.3832
0.416
0.4712
0.5232
0.512
0.4816
0.472
0.5464
0.5472
0.5264
0.5296
0.5472
0.5464
0.5448
0.5056
0.5248
0.5272
0.5208
0.5288
0.5392
0.5136
0.4488
0.4264
0.4272
0.4672
0.4968
0.4912
0.5104
0.4736
0.5104
0.4776
0.516
0.4768
0.4768
0.4896
0.5024
0.5544
0.4952
0.5176
0.508
0.5056
0.5136
0.5464
0.628
0.616
0.652
0.704
0.7184
0.7248
0.7328
0.7392
0.7368
0.7224
0.7288
0.7184
0.704
0.6984
0.748
0.7328
0.7536
0.7776
0.8152
0.7904
0.8016
0.7656
0.7184
0.7024
0.6864
0.6408
0.6896
0.7256
0.712
0.7248
0.692
0.6744
0.7192
0.724
0.7384
0.7928
0.78
0.7648
0.7112
0.7056
0.7128
0.7232
0.6776
0.684
0.66
0.6784
0.6864
0.6456
0.6672
0.6624
0.6384
0.6424
0.5904
0.5792
0.5424
0.528
0.5728
0.5584
0.5712
0.6288
0.6272
0.6488
0.6672
0.7112
0.732
0.6784
0.648
0.6536
0.664
0.624
0.644
0.6736
0.7056
0.7464
0.7368
0.7328
0.7344
0.7328
0.6984
0.7312
0.768
0.788
0.8016
0.7824
0.78
0.8248
0.7912
0.7744
0.764
0.7384
0.7536
0.7976
0.772
0.7872
0.7296
0.78
0.7936
0.7976
0.7976
0.8024
0.7736
0.7472
0.7952
0.7392
0.7368
0.7344
0.7488
0.7376
0.74
0.7216
0.7024
0.7392
0.7328
0.7704
0.7752
0.7736
0.7272
0.7216
0.7568
0.744
0.752
0.7648
0.7536
0.752
0.74
0.7584
0.7264
0.752
0.7872
0.7808
0.8008
0.7992
0.7976
0.7896
0.7968
0.7848
0.8176
0.8408
0.8432
0.8064
0.7808
0.768
0.7872
0.7792
0.7184
0.7488
0.7616
0.7784
0.7824
0.7736
0.7944
0.7632
0.7584
0.7656
0.784
0.8056
0.8176
0.812
0.8192
0.8
0.8024
0.8136
0.8224
0.82
0.8016
0.8072
0.8328
0.8032
0.7936
0.7856
0.7168
0.7464
0.7368
0.7576
0.7624
0.716
0.7168
0.6968
0.7488
0.7456
0.712
0.6928
0.6944
0.7144
0.7048
0.7392
0.712
0.6752
0.6512
0.7128
0.7072
0.7144
0.7008
0.7168
0.7864
0.7808
0.7544
0.7192
0.7504
0.7472
0.7368
0.716
0.7432
0.7016
0.732
0.7664
0.7768
0.8008
0.8104
0.7624
0.8128
0.8064
0.7904
0.7728
0.764
0.7504
0.7312
0.7168
0.6896
0.6376
0.5976
0.5888
0.624
0.6528
0.688
0.708
0.6672
0.6808
0.6448
0.6544
0.6608
0.6448
0.6096
0.6152
0.628
0.592
0.5944
0.5632
0.5512
0.5136
0.4664
0.504
0.5088
0.5184
0.4984
0.5176
0.5112
0.52
0.5144
0.564
0.5672
0.6008
0.5672
0.5408
0.5688
0.5504
0.56
0.5656
0.5552
0.5088
0.54
0.5664
0.592
0.5984
0.6376
0.6072
0.6264
0.6248
0.6408
0.6472
0.632
0.6056
0.6176
0.5928
0.5776
0.5808
0.5464
0.5184
0.5952
0.5992
0.5496
0.5592
0.568
0.5768
0.5464
0.58
0.5904
0.6056
0.6368
0.6424
0.6536
0.6408
0.636
0.6784
0.692
0.6688
0.6904
0.7072
0.6624
0.652
0.6056
0.6192
0.6384
0.632
0.6048
0.6488
0.5984
0.66
0.6072
0.6336
0.6544
0.676
0.6464
0.616
0.6048
0.6176
0.6384
0.6368
0.6864
0.688
0.704
0.6896
0.6928
0.6496
0.6352
0.6168
0.6224
0.6312
0.6128
0.6048
0.5936
0.5512
0.5464
0.5296
0.5192
0.5
0.468
0.4024
0.4224
0.4224
0.4336
0.4488
0.4424
0.4368
0.4304
0.4088
0.4688
0.4488
0.3744
0.3712
0.3856
0.3864
0.352
0.3248
0.3216
0.388
0.3824
0.4088
0.4664
0.4752
0.4632
0.412
0.412
0.4128
0.4264
0.4168
0.3928
0.3832
0.3832
0.3712
0.3696
0.3664
0.356
0.444
0.4344
0.504
0.5112
0.548
0.532
0.5752
0.5848
0.5512
0.5104
0.4448
0.4208
0.4888
0.4984
0.5496
0.5392
0.5192
0.504
0.4976
0.472
0.4992
0.52
0.5016
0.484
0.5112
0.4976
0.4952
0.4704
0.4512
0.4688
0.5064
0.5064
0.4824
0.492
0.5056
0.4792
0.5496
0.5504
0.512
0.5088
0.5368
0.56
0.5952
0.6528
0.672
0.7016
0.6992
0.6976
0.7088
0.6864
0.6936
0.6616
0.632
0.6016
0.6152
0.5616
0.6072
0.6688
0.6952
0.6616
0.6264
0.6136
0.6136
0.68
0.664
0.6872
0.6496
0.6072
0.5456
0.5808
0.6064
0.5704
0.5464
0.5592
0.572
0.5864
0.6
0.636
0.6248
0.6168
0.6488
0.664
0.6856
0.6904
0.6984
0.6968
0.684
0.668
0.6688
0.7016
0.6968
0.6584
0.6344
0.6024
0.624
0.616
0.5912
0.5688
0.5376
0.5424
0.5448
0.5872
0.5552
0.5488
0.588
0.612
0.6832
0.6832
0.676
0.656
0.6976
0.692
0.6536
0.656
0.6632
0.6864
0.7056
0.7328
0.676
0.6752
0.7248
0.6904
0.7048
0.716
0.712
0.7448
0.7104
0.6648
0.7136
0.6952
0.7024
0.6776
0.6184
0.6352
0.632
0.6008
0.5752
0.5528
0.6072
0.648
0.6664
0.7008
0.7136
0.7328
0.7008
0.6824
0.7336
0.732
0.7224
0.7232
0.6968
0.6816
0.7
0.6872
0.6208
0.584
0.56
0.5504
0.5392
0.5328
0.5416
0.5704
0.5904
0.5944
0.6216
0.66
0.6856
0.6552
0.6624
0.648
0.6472
0.6848
0.6568
0.628
0.6352
0.6048
0.6448
0.6104
0.6264
0.6184
0.6464
0.6424
0.6696
0.668
0.6272
0.6512
0.5888
0.5912
0.5056
0.4688
0.5064
0.4664
0.4904
0.4928
0.5472
0.5512
0.56
0.5288
0.5288
0.52
0.456
0.496
0.4632
0.408
0.3928
0.4024
0.4144
0.416
0.4568
0.4512
0.5032
0.528
0.5328
0.5536
0.528
0.5216
0.5256
0.4976
0.5416
0.5616
0.5848
0.5536
0.5352
0.5608
0.5328
0.4472
0.4224
0.3632
0.3912
0.4328
0.4152
0.3992
0.3136
0.288
0.2888
0.3416
0.3808
0.3824
0.38
0.3968
0.44
0.432
0.4832
0.4576
0.504
0.5048
0.4912
0.444
0.4208
0.3976
0.372
0.3688
0.2832
0.2592
0.2576
0.2928
0.2752
0.2872
0.2656
0.2424
0.1968
0.1664
0.1856
0.1592
0.176
0.1392
0.2112
0.1352
0.1208
0.1728
0.1576
0.0992
0.064
0.0296
0.0392
0.0376
0.0032
0.0192
0.0064
0.0208
0.0048
0.0016
0.0096
0.0688
0.0584
0.0296
0.04
0.0048
0.0152
0.0024
0.0392
0.0672
0.0392
0.0872
0.128
0.0832
0.0584
0.044
0.0136
0.012
0.0
0.0008
0.016
0.0168
0.0008
0.0096
0.0072
0.0152
0.0064
0.0168
0.06
0.0304
0.0752
0.004
0.0032
0.036
0.0072
0.0128
0.0592
0.1248
0.1152
0.1168
0.1472
0.104
0.0728
0.0552
0.1136
0.0896
0.0728
0.0544
0.0968
0.1584
0.148
0.1896
0.22
0.188
0.18
0.1808
0.14
0.1856
0.1776
0.1816
0.26
0.3008
0.3064
0.3312
0.3232
0.2712
0.2992
0.308
0.3432
0.3432
0.3888
0.4192
0.392
0.4112
0.4504
0.4248
0.3888
0.3592
0.3872
0.4496
0.4048
0.4448
0.4392
0.4064
0.4208
0.44
0.4904
0.452
0.4736
0.4376
0.428
0.4608
0.3648
0.3896
0.4152
0.3816
0.4232
0.4416
0.3856
0.4112
0.4344
0.3832
0.4168
0.4104
0.3784
0.308
0.2912
0.196
0.2488
0.3088
0.3464
0.3096
0.3312
0.2704
0.3184
0.3832
0.3952
0.3848
0.3832
0.3368
0.3152
0.2856
0.284
0.2696
0.276
0.3208
0.2888
0.2392
0.2568
0.188
0.2512
0.3232
0.3256
0.3864
0.3608
0.3528
0.3592
0.3528
0.4064
0.4568
0.42
0.3336
0.3816
0.3912
0.4256
0.4008
0.428
0.4864
0.5
0.4952
0.4656
0.4608
0.46
0.5008
0.4912
0.4896
0.5168
0.4928
0.5216
0.5552
0.5856
0.5688
0.5792
0.5664
0.5192
0.5184
0.4864
0.504
0.5928
0.5752
0.5968
0.588
0.6032
0.6128
0.572
0.5824
0.5984
0.5712
0.5416
0.536
0.5344
0.5576
0.5672
0.5384
