0.60791015625
0.60986328125
0.6474609375
0.61865234375
0.6328125
0.662109375
0.6884765625
0.70556640625
0.69921875
0.7314453125
0.7275390625
0.74951171875
0.72265625
0.72216796875
0.7099609375
0.697265625
0.7080078125
0.732421875
0.70556640625
0.7255859375
0.7734375
0.76806640625
0.78564453125
0.814453125
0.79736328125
0.791015625
0.75439453125
0.74853515625
0.744140625
0.734375
0.7568359375
0.75146484375
0.76416015625
0.7685546875
0.7841796875
0.7724609375
0.74951171875
0.771484375
0.75927734375
0.74072265625
0.720703125
0.72119140625
0.705078125
0.7265625
0.7314453125
0.732421875
0.6884765625
0.64892578125
0.64306640625
0.66650390625
0.6171875
0.63134765625
0.6416015625
0.64111328125
0.62890625
0.634765625
0.646484375
0.62890625
0.63818359375
0.64111328125
0.61474609375
0.58056640625
0.58154296875
0.56591796875
0.56494140625
0.53466796875
0.548828125
0.53662109375
0.5263671875
0.56005859375
0.56103515625
0.54931640625
0.5986328125
0.58544921875
0.60009765625
0.6455078125
0.6279296875
0.57958984375
0.6025390625
0.615234375
0.642578125
0.5849609375
0.580078125
0.61328125
0.61962890625
0.6328125
0.6591796875
0.658203125
0.68017578125
0.6845703125
0.642578125
0.6787109375
0.658203125
0.669921875
0.6767578125
0.6533203125
0.67236328125
0.6669921875
0.66796875
0.6416015625
0.66259765625
0.64697265625
0.658203125
0.64990234375
0.623046875
0.5771484375
0.59033203125
0.5625
0.611328125
0.640625
0.67626953125
0.703125
0.69970703125
0.73876953125
0.75634765625
0.73388671875
0.7177734375
0.7021484375
0.66796875
0.65966796875
0.64990234375
0.67041015625
0.6630859375
0.6337890625
0.63232421875
0.6474609375
0.62451171875
0.6103515625
0.59326171875
0.60693359375
0.5654296875
0.55712890625
0.59375
0.6123046875
0.6376953125
0.6552734375
0.685546875
0.7080078125
0.72802734375
0.7109375
0.6826171875
0.66162109375
0.6552734375
0.65576171875
0.6650390625
0.62451171875
0.626953125
0.62109375
0.63134765625
0.6591796875
0.634765625
0.62939453125
0.64013671875
0.6357421875
0.654296875
0.6474609375
0.669921875
0.6337890625
0.61083984375
0.609375
0.638671875
0.61767578125
0.6279296875
0.63916015625
0.623046875
0.58740234375
0.5849609375
0.56103515625
0.55029296875
0.58740234375
0.58349609375
0.58544921875
0.587890625
0.6318359375
0.5947265625
0.59716796875
0.63134765625
0.6328125
0.64990234375
0.6728515625
0.6767578125
0.6240234375
0.63818359375
0.6279296875
0.609375
0.634765625
0.67626953125
0.6533203125
0.68017578125
0.69189453125
0.6953125
0.7041015625
0.68212890625
0.67041015625
0.7236328125
0.73681640625
0.744140625
0.736328125
0.736328125
0.70556640625
0.697265625
0.68994140625
0.68408203125
0.716796875
0.720703125
0.69091796875
0.6513671875
0.63427734375
0.65087890625
0.619140625
0.62109375
0.58544921875
0.59375
0.5810546875
0.57080078125
0.580078125
0.5859375
0.51806640625
0.50390625
0.47705078125
0.458984375
0.43798828125
0.47607421875
0.4921875
0.4921875
0.4853515625
0.48291015625
0.51806640625
0.5009765625
0.50146484375
0.5029296875
0.5283203125
0.48095703125
0.455078125
0.46875
0.49951171875
0.5107421875
0.4951171875
0.51513671875
0.53662109375
0.5810546875
0.568359375
0.55322265625
0.55029296875
0.53515625
0.54150390625
0.55712890625
0.5625
0.59521484375
0.59228515625
0.6171875
0.59228515625
0.5693359375
0.5400390625
0.587890625
0.57763671875
0.55419921875
0.56103515625
0.5966796875
0.5673828125
0.56884765625
0.57861328125
0.62451171875
0.65869140625
0.67626953125
0.6767578125
0.71728515625
0.69287109375
0.708984375
0.7138671875
0.74072265625
0.73046875
0.701171875
0.712890625
0.703125
0.70556640625
0.69189453125
0.68359375
0.71923828125
0.75341796875
0.7431640625
0.7353515625
0.7255859375
0.68408203125
0.66455078125
0.69482421875
0.689453125
0.69775390625
0.69189453125
0.69287109375
0.6953125
0.7021484375
0.7353515625
0.71826171875
0.67724609375
0.66748046875
0.6474609375
0.662109375
0.6591796875
0.6123046875
0.6064453125
0.62109375
0.67041015625
0.671875
0.72021484375
0.732421875
0.71337890625
0.72705078125
0.7060546875
0.68505859375
0.703125
0.67578125
0.62646484375
0.66943359375
0.63525390625
0.70751953125
0.669921875
0.69775390625
0.7001953125
0.73681640625
0.72998046875
0.76611328125
0.71533203125
0.7138671875
0.72509765625
0.72216796875
0.685546875
0.6572265625
0.63916015625
0.673828125
0.67626953125
0.642578125
0.66015625
0.69970703125
0.6923828125
0.7041015625
0.6806640625
0.6552734375
0.666015625
0.66357421875
0.6630859375
0.64501953125
0.65185546875
0.70458984375
0.70458984375
0.705078125
0.69580078125
0.67333984375
0.66064453125
0.681640625
0.67041015625
0.71630859375
0.71435546875
0.73974609375
0.7509765625
0.73974609375
0.74462890625
0.74658203125
0.76171875
0.75634765625
0.73876953125
0.7470703125
0.76513671875
0.7724609375
0.75537109375
0.73388671875
0.75732421875
0.75439453125
0.75439453125
0.74462890625
0.7216796875
0.7314453125
0.7373046875
0.75390625
0.728515625
0.72705078125
0.76513671875
0.7685546875
0.7783203125
0.76708984375
0.7705078125
0.77978515625
0.7529296875
0.7529296875
0.73876953125
0.73828125
0.771484375
0.74658203125
0.7236328125
0.740234375
0.7265625
0.69384765625
0.68115234375
0.6474609375
0.63330078125
0.66064453125
0.67236328125
0.669921875
0.7021484375
0.70166015625
0.68408203125
0.64990234375
0.66845703125
0.64599609375
0.681640625
0.7001953125
0.7197265625
0.72119140625
0.7255859375
0.73486328125
0.71533203125
0.7548828125
0.77490234375
0.755859375
0.72509765625
0.72900390625
0.7314453125
0.70751953125
0.70166015625
0.703125
0.66015625
0.65966796875
0.6630859375
0.6611328125
0.658203125
0.6435546875
0.65625
0.59033203125
0.59375
0.56640625
0.55029296875
0.55224609375
0.5849609375
0.61669921875
0.6328125
0.67822265625
0.66162109375
0.68017578125
0.70654296875
0.697265625
0.7138671875
0.6748046875
0.67333984375
0.67138671875
0.66455078125
0.68603515625
0.69091796875
0.677734375
0.68896484375
0.7138671875
0.69873046875
0.66552734375
0.6767578125
0.70947265625
0.6806640625
0.6484375
0.65576171875
0.63623046875
0.66015625
0.62646484375
0.62939453125
0.6142578125
0.63916015625
0.62890625
0.63671875
0.67626953125
0.68505859375
0.6796875
0.65087890625
0.6865234375
0.68701171875
0.6689453125
0.68115234375
0.62353515625
0.63134765625
0.65625
0.6630859375
0.6337890625
0.64208984375
0.66162109375
0.6708984375
0.65087890625
0.6748046875
0.67919921875
0.65380859375
0.61474609375
0.64111328125
0.658203125
0.69287109375
0.689453125
0.712890625
0.7099609375
0.7265625
0.76123046875
0.7333984375
0.7294921875
0.73779296875
0.73388671875
0.74169921875
0.75146484375
0.7109375
0.72998046875
0.71142578125
0.68701171875
0.70849609375
0.66748046875
0.64013671875
0.63427734375
0.623046875
0.60791015625
0.5869140625
0.62109375
0.62060546875
0.64013671875
0.61279296875
0.62158203125
0.61474609375
0.67578125
0.71240234375
0.6962890625
0.689453125
0.67578125
0.64990234375
0.671875
0.65087890625
0.69287109375
0.65185546875
0.64208984375
0.6025390625
0.607421875
0.58642578125
0.57177734375
0.55517578125
0.57275390625
0.60595703125
0.62255859375
0.5869140625
0.5947265625
0.61474609375
0.6123046875
0.5947265625
0.58447265625
0.56298828125
0.55810546875
0.55615234375
0.54150390625
0.54931640625
0.54833984375
0.5419921875
0.5244140625
0.50390625
0.49462890625
0.51220703125
0.49755859375
0.49853515625
0.51953125
0.5595703125
0.56591796875
0.55078125
0.5087890625
0.50634765625
0.54296875
0.546875
0.52490234375
0.5595703125
0.55908203125
0.501953125
0.49072265625
0.52880859375
0.54296875
0.55712890625
0.5849609375
0.5986328125
0.623046875
0.6064453125
0.59130859375
0.5595703125
0.58349609375
0.55224609375
0.5751953125
0.5859375
0.56982421875
0.56884765625
0.55029296875
0.61083984375
0.62158203125
0.599609375
0.5576171875
0.5625
0.58056640625
0.595703125
0.60791015625
0.607421875
0.60888671875
0.65185546875
0.63720703125
0.5927734375
0.5888671875
0.58447265625
0.6396484375
0.6044921875
0.603515625
0.58056640625
0.59814453125
0.60107421875
0.57373046875
0.56884765625
0.51611328125
0.5576171875
0.5458984375
0.5537109375
0.56689453125
0.619140625
0.57177734375
0.5888671875
0.611328125
0.591796875
0.58154296875
0.55322265625
0.54736328125
0.57958984375
0.60400390625
0.60546875
0.59814453125
0.5732421875
0.5576171875
0.58154296875
0.5859375
0.6171875
0.55126953125
0.53955078125
0.54736328125
0.58056640625
0.5859375
0.56689453125
0.5791015625
0.60302734375
0.58837890625
0.56298828125
0.56884765625
0.5986328125
0.5849609375
0.537109375
0.56689453125
0.53955078125
0.56396484375
0.537109375
0.53515625
0.53076171875
0.53466796875
0.52197265625
0.5302734375
0.525390625
0.49462890625
0.51220703125
0.4794921875
0.4931640625
0.51611328125
0.5146484375
0.533203125
0.51708984375
0.51318359375
0.50537109375
0.517578125
0.53564453125
0.5205078125
0.5087890625
0.47998046875
0.46484375
0.48388671875
0.4716796875
0.51708984375
0.5068359375
0.58544921875
0.59619140625
0.5888671875
0.5537109375
0.57958984375
0.576171875
0.60205078125
0.57373046875
0.57177734375
0.5595703125
0.5771484375
0.57470703125
0.61865234375
0.61962890625
0.63525390625
0.619140625
0.63037109375
0.64306640625
0.6708984375
0.69384765625
0.703125
0.67041015625
0.6220703125
0.64306640625
0.6357421875
0.65869140625
0.6279296875
0.62548828125
0.61669921875
0.60888671875
0.60400390625
0.6083984375
0.630859375
0.60693359375
0.6220703125
0.65087890625
0.66162109375
0.62646484375
0.6279296875
0.64208984375
0.5986328125
0.57763671875
0.54150390625
0.52685546875
0.52880859375
0.54736328125
0.51708984375
0.52978515625
0.49560546875
0.5126953125
0.53369140625
0.53173828125
0.52880859375
0.541015625
0.5693359375
0.50927734375
0.46337890625
0.4912109375
0.4833984375
0.51611328125
0.5166015625
0.48974609375
0.52587890625
0.515625
0.5078125
0.48828125
0.47998046875
0.4482421875
0.40771484375
0.43603515625
0.416015625
0.42431640625
0.4482421875
0.45458984375
0.51611328125
0.52392578125
0.52490234375
0.537109375
0.541015625
0.5576171875
0.55908203125
0.57080078125
0.5361328125
0.56689453125
0.55712890625
0.5634765625
0.5556640625
0.56201171875
0.5888671875
0.63134765625
0.6416015625
0.67041015625
0.6953125
0.70947265625
0.71240234375
0.71923828125
0.69482421875
0.705078125
0.6953125
0.720703125
0.72705078125
0.73779296875
0.70849609375
0.70263671875
0.671875
0.67431640625
0.69873046875
0.685546875
0.7109375
0.72119140625
0.6953125
0.662109375
0.662109375
0.66748046875
0.71044921875
0.67626953125
0.6748046875
0.6904296875
0.6953125
0.7041015625
0.72119140625
0.7177734375
0.720703125
0.69189453125
0.70556640625
0.68115234375
0.64794921875
0.626953125
0.65380859375
0.63916015625
0.61865234375
0.6142578125
0.62548828125
0.6513671875
0.638671875
0.6435546875
0.64990234375
0.669921875
0.68505859375
0.66015625
0.65673828125
0.6337890625
0.65185546875
0.666015625
0.642578125
0.68017578125
0.677734375
0.66748046875
0.65966796875
0.6630859375
0.6796875
0.6669921875
0.72119140625
0.73974609375
0.6552734375
0.7021484375
0.67529296875
0.69921875
0.666015625
0.66845703125
0.6591796875
0.671875
0.66552734375
0.6591796875
0.64306640625
0.62890625
0.693359375
0.72265625
0.7099609375
0.658203125
0.609375
0.5908203125
0.599609375
0.572265625
0.5986328125
0.60693359375
0.5517578125
0.54150390625
0.56689453125
0.58837890625
0.58740234375
0.568359375
0.58642578125
0.6357421875
0.611328125
0.6435546875
0.6044921875
0.56787109375
0.6025390625
0.60498046875
0.591796875
0.60498046875
0.5810546875
0.5732421875
0.5791015625
0.5771484375
0.60498046875
0.6005859375
0.607421875
0.6201171875
0.62451171875
0.58447265625
0.59521484375
0.5703125
0.59033203125
0.58203125
0.57861328125
0.533203125
0.572265625
0.5751953125
0.564453125
0.54833984375
0.54345703125
0.5400390625
0.5849609375
0.5810546875
0.59716796875
0.5966796875
0.580078125
0.56005859375
0.58935546875
0.5771484375
0.5322265625
0.56396484375
0.5546875
0.58447265625
0.59033203125
0.556640625
0.54736328125
0.58544921875
0.603515625
0.63916015625
0.63232421875
0.67431640625
0.6669921875
0.6796875
0.65087890625
0.68603515625
0.64306640625
0.61083984375
0.59521484375
0.61181640625
0.623046875
0.630859375
0.60791015625
0.63623046875
0.63623046875
0.6552734375
0.6884765625
0.6708984375
0.640625
0.64501953125
0.6123046875
0.6142578125
0.65283203125
0.6787109375
0.69091796875
0.6865234375
0.67138671875
0.654296875
0.63232421875
0.609375
0.634765625
0.6357421875
0.634765625
0.57666015625
0.599609375
0.6357421875
0.6376953125
0.642578125
0.650390625
0.6455078125
0.63330078125
0.6455078125
0.673828125
0.6884765625
0.69384765625
0.6865234375
0.73095703125
0.72314453125
0.70263671875
0.67626953125
0.66357421875
0.642578125
0.607421875
0.564453125
0.5654296875
0.564453125
0.56396484375
0.5576171875
0.56103515625
0.4921875
0.50732421875
0.52197265625
0.515625
0.52294921875
0.53759765625
0.54443359375
0.5361328125
0.55029296875
0.55859375
0.55859375
0.55615234375
0.51806640625
0.5302734375
0.53515625
0.5703125
0.57763671875
0.619140625
0.6474609375
0.6298828125
0.6591796875
0.64990234375
0.6279296875
0.64697265625
0.65625
0.6826171875
0.67724609375
0.70556640625
0.70263671875
0.69677734375
0.705078125
0.67529296875
0.6748046875
0.65380859375
0.64404296875
0.6611328125
