0.6376
0.636
0.6272
0.6512
0.6776
0.72
0.7032
0.7264
0.7152
0.7144
0.7056
0.6848
0.712
0.6752
0.6576
0.6504
0.648
0.6336
0.6568
0.6464
0.7144
0.7512
0.748
0.748
0.7312
0.7424
0.748
0.7232
0.7072
0.7464
0.7232
0.712
0.704
0.7224
0.6592
0.6432
0.64
0.6288
0.6256
0.632
0.604
0.5648
0.556
0.5248
0.5592
0.6088
0.6296
0.6112
0.5888
0.5672
0.5784
0.5408
0.5496
0.5248
0.5592
0.5336
0.5704
0.6216
0.6392
0.6072
0.62
0.6112
0.6192
0.6024
0.6528
0.6888
0.6624
0.6344
0.6384
0.6456
0.624
0.6144
0.6024
0.5552
0.568
0.6208
0.6416
0.6432
0.6728
0.7192
0.6888
0.664
0.692
0.72
0.7784
0.7472
0.7416
0.7624
0.7432
0.7664
0.78
0.7816
0.7464
0.7584
0.7
0.7088
0.6968
0.724
0.7288
0.7528
0.7816
0.7784
0.7688
0.7464
0.7784
0.7864
0.796
0.796
0.7256
0.6944
0.6808
0.68
0.6608
0.652
0.6104
0.6048
0.6264
0.6056
0.612
0.5912
0.6464
0.6312
0.6232
0.6216
0.6576
0.6632
0.668
0.6288
0.6384
0.6432
0.6352
0.5768
0.5768
0.6056
0.5784
0.5896
0.616
0.6584
0.6776
0.6592
0.6464
0.672
0.648
0.6296
0.6304
0.5752
0.6736
0.6768
0.6976
0.6792
0.66
0.6888
0.7128
0.6976
0.7184
0.6584
0.6864
0.7456
0.7192
0.7168
0.7136
0.7056
0.7576
0.7984
0.7744
0.7904
0.784
0.768
0.7296
0.6672
0.6712
0.6904
0.7096
0.784
0.7128
0.7432
0.7448
0.748
0.744
0.6904
0.6704
0.6456
0.6688
0.648
0.6936
0.6968
0.7368
0.724
0.7296
0.7448
0.7728
0.7544
0.7664
0.7656
0.7416
0.7704
0.7648
0.7776
0.732
0.6752
0.7472
0.7496
0.7256
0.7256
0.6744
0.6512
0.6656
0.624
0.6056
0.6544
0.6496
0.6432
0.6216
0.6336
0.648
0.7024
0.692
0.6816
0.6456
0.5808
0.5872
0.6232
0.672
0.6912
0.6888
0.7144
0.7
0.7136
0.7168
0.7304
0.7264
0.7552
0.7448
0.7328
0.7728
0.7408
0.7176
0.7408
0.7576
0.7456
0.7448
0.8048
0.7792
0.7824
0.6992
0.7272
0.664
0.7024
0.692
0.6872
0.6608
0.6808
0.6808
0.6728
0.6672
0.6584
0.644
0.6728
0.6272
0.6088
0.6456
0.6192
0.5832
0.5944
0.6024
0.6584
0.6752
0.6576
0.664
0.6904
0.7104
0.6992
0.6488
0.5936
0.6192
0.6176
0.5808
0.5936
0.5944
0.628
0.7056
0.712
0.7
0.7064
0.6752
0.6976
0.6896
0.6696
0.6656
0.656
0.6336
0.6176
0.5216
0.5696
0.5816
0.5816
0.5816
0.5832
0.6152
0.6072
0.6368
0.6728
0.68
0.6896
0.7016
0.7048
0.6544
0.6664
0.64
0.6352
0.6472
0.708
0.7304
0.7128
0.748
0.7904
0.7776
0.8024
0.756
0.7008
0.7016
0.696
0.6672
0.6536
0.648
0.6136
0.6672
0.6856
0.652
0.672
0.6784
0.6208
0.6808
0.636
0.668
0.6664
0.66
0.6344
0.6864
0.6528
0.692
0.696
0.7024
0.6816
0.6712
0.696
0.7192
0.7064
0.6672
0.6776
0.7328
0.696
0.7024
0.7624
0.7
0.7016
0.6896
0.6272
0.6632
0.7104
0.6704
0.6344
0.5832
0.54
0.5088
0.5104
0.4904
0.5048
0.468
0.4776
0.5064
0.592
0.5744
0.6032
0.6224
0.6752
0.6696
0.652
0.6184
0.6056
0.6248
0.6208
0.632
0.6184
0.6544
0.676
0.6688
0.7296
0.7448
0.7288
0.7112
0.6976
0.6624
0.6608
0.6528
0.6064
0.5904
0.5568
0.544
0.5544
0.5776
0.5688
0.5248
0.5336
0.5224
0.5472
0.5168
0.5
0.5152
0.5736
0.5544
0.52
0.5408
0.5808
0.5608
0.504
0.5096
0.5016
0.4496
0.4632
0.4736
0.4456
0.4056
0.3824
0.3864
0.3576
0.3472
0.2928
0.228
0.1944
0.2
0.2232
0.268
0.2712
0.2528
0.2984
0.3848
0.3256
0.3416
0.3536
0.3464
0.344
0.304
0.2744
0.2096
0.2104
0.2304
0.2488
0.2888
0.3456
0.3088
0.3568
0.3856
0.4
0.4064
0.4344
0.4496
0.4456
0.348
0.3936
0.4056
0.384
0.376
0.3984
0.4104
0.4448
0.4712
0.516
0.524
0.5016
0.516
0.5008
0.524
0.4736
0.5816
0.584
0.5856
0.636
0.616
0.588
0.5968
0.5912
0.6128
0.5424
0.5024
0.5144
0.524
0.5744
0.608
0.6152
0.5688
0.5296
0.5648
0.5296
0.564
0.5728
0.5416
0.5144
0.4872
0.4944
0.4776
0.4296
0.4184
0.46
0.4688
0.4896
0.4592
0.3552
0.3272
0.3712
0.3608
0.3456
0.3992
0.5048
0.5232
0.5264
0.5744
0.5528
0.5384
0.5232
0.5376
0.548
0.6
0.6696
0.6536
0.6784
0.6776
0.6264
0.6096
0.6768
0.712
0.6872
0.6584
0.6616
0.5872
0.5952
0.5656
0.6104
0.5792
0.5656
0.5064
0.5136
0.5272
0.5016
0.5064
0.4808
0.5312
0.5432
0.524
0.5144
0.4872
0.476
0.4896
0.5176
0.5376
0.5352
0.5136
0.5168
0.5688
0.5912
0.616
0.6064
0.6496
0.6416
0.672
0.6792
0.7216
0.7536
0.7208
0.7024
0.6792
0.6728
0.6376
0.6136
0.6552
0.6056
0.6472
0.6624
0.6568
0.6776
0.6592
0.6416
0.636
0.6864
0.7544
0.7496
0.7096
0.6928
0.684
0.6584
0.7024
0.696
0.7296
0.7184
0.6944
0.6872
0.6584
0.6392
0.6152
0.5952
0.6552
0.6384
0.6832
0.6992
0.7072
0.6664
0.6672
0.656
0.6992
0.7176
0.752
0.7704
0.7432
0.7384
0.7488
0.7272
0.7296
0.712
0.6784
0.6672
0.6496
0.6352
0.6312
0.6112
0.6624
0.6448
0.62
0.6536
0.6592
0.6608
0.6592
0.644
0.6368
0.5976
0.6048
0.6176
0.5848
0.6112
0.5736
0.6392
0.6752
0.6752
0.7128
0.716
0.6856
0.7256
0.7656
0.7976
0.7896
0.8216
0.8208
0.78
0.792
0.8008
0.8168
0.8128
0.824
0.8064
0.7752
0.7728
0.74
0.7144
0.7576
0.7376
0.7256
0.7088
0.688
0.6136
0.5864
0.572
0.6048
0.64
0.668
0.7056
0.7424
0.7104
0.676
0.6424
0.6096
0.6184
0.6432
0.6064
0.608
0.66
0.6168
0.624
0.6208
0.6216
0.5744
0.5728
0.5784
0.5144
0.4816
0.4832
0.508
0.508
0.436
0.408
0.436
0.5296
0.5408
0.5952
0.516
0.5456
0.5264
0.5632
0.5624
0.5496
0.548
0.5656
0.5728
0.6056
0.5808
0.5592
0.64
0.5928
0.6232
0.6608
0.6776
0.6392
0.6584
0.7176
0.7248
0.6856
0.6848
0.6904
0.6608
0.6408
0.6576
0.6056
0.6048
0.5752
0.588
0.6592
0.656
0.6648
0.6184
0.5288
0.496
0.4968
0.5432
0.516
0.536
0.496
0.4712
0.432
0.4288
0.5032
0.5408
0.552
0.5696
0.5632
0.6016
0.5928
0.5472
0.588
0.6328
0.6296
0.6504
0.6008
0.672
0.7272
0.6976
0.7168
0.7208
0.7496
0.744
0.7512
0.7512
0.7872
0.7672
0.7856
0.7704
0.7872
0.7432
0.7168
0.656
0.7104
0.7056
0.6888
0.6688
0.624
0.6248
0.6248
0.6616
0.6808
0.6512
0.6896
0.664
0.6272
0.5856
0.628
0.6696
0.6672
0.5928
0.5816
0.6216
0.6136
0.6128
0.6032
0.5944
0.6096
0.616
0.6384
0.64
0.6832
0.6464
0.6536
0.6752
0.6808
0.6592
0.6712
0.6736
0.6728
0.6608
0.6552
0.6328
0.6384
0.7016
0.704
0.7168
0.6928
0.7112
0.6856
0.628
0.6096
0.648
0.6224
0.6232
0.6512
0.6632
0.6816
0.6312
0.6072
0.5824
0.5576
0.5664
0.5576
0.552
0.5456
0.5296
0.5504
0.5288
0.4632
0.4416
0.5096
0.4936
0.4616
0.4592
0.484
0.508
0.4912
0.464
0.4792
0.5088
0.5256
0.5536
0.5432
0.6376
0.644
0.5872
0.6048
0.62
0.6312
0.6336
0.6504
0.6304
0.6744
0.7232
0.74
0.7144
0.7104
0.72
0.724
0.7168
0.728
0.7424
0.7432
0.7688
0.724
0.6976
0.6704
0.7008
0.728
0.76
0.7304
0.7192
0.6968
0.6912
0.6232
0.6416
0.6656
0.6616
0.632
0.5824
0.556
0.5776
0.5552
0.5168
0.5504
0.5144
0.5344
0.5048
0.5176
0.4952
0.4848
0.4584
0.416
0.3808
0.3536
0.3568
0.3008
0.3064
0.2768
0.2816
0.2456
0.2336
0.2104
0.1976
0.144
0.1424
0.1704
0.2208
0.2128
0.1704
0.1944
0.1984
0.168
0.2192
0.2096
0.2072
0.2376
0.228
0.248
0.2288
0.2528
0.2096
0.1872
0.152
0.18
0.212
0.184
0.1592
0.2024
0.1584
0.144
0.1312
0.0608
0.092
0.0688
0.084
0.1248
0.1064
0.0864
0.128
0.124
0.1168
0.0496
0.0648
0.108
0.068
0.0744
0.064
0.0624
0.052
0.1384
0.0512
0.0912
0.0952
0.1256
0.1784
0.2288
0.1904
0.2544
0.2832
0.3272
0.3472
0.32
0.3432
0.3368
0.304
0.3168
0.3464
0.4224
0.4216
0.444
0.4168
0.3792
0.3696
0.3424
0.3296
0.3368
0.3408
0.3616
0.4128
0.4216
0.4264
0.4008
0.3632
0.3336
