0.8928
0.9136
0.8824
0.8664
0.8776
0.8568
0.8792
0.8536
0.8408
0.8432
0.8568
0.832
0.8512
0.864
0.8344
0.8552
0.8608
0.8296
0.8472
0.8312
0.8544
0.8376
0.812
0.8744
0.88
0.8784
0.8648
0.8448
0.8312
0.8424
0.824
0.8624
0.8808
0.8768
0.8744
0.9192
0.8952
0.9136
0.8752
0.8512
0.8624
0.8736
0.8632
0.8328
0.8344
0.8696
0.8656
0.9128
0.8704
0.8856
0.8928
0.9168
0.9152
0.908
0.916
0.8896
0.8976
0.892
0.8632
0.8824
0.8936
0.8824
0.8728
0.8344
0.88
0.9096
0.9128
0.9288
0.9128
0.8936
0.9032
0.9104
0.8976
0.876
0.8648
0.84
0.8248
0.8512
0.8584
0.8504
0.8184
0.8376
0.8448
0.8528
0.8336
0.8464
0.836
0.8248
0.8504
0.8376
0.8208
0.832
0.8408
0.8248
0.8144
0.8528
0.8392
0.8616
0.8792
0.852
0.848
0.8656
0.8736
0.8792
0.8824
0.8976
0.8824
0.8912
0.8944
0.8848
0.9016
0.8992
0.8504
0.8448
0.8744
0.86
0.8768
0.8936
0.8744
0.8616
0.884
0.8576
0.8288
0.8352
0.8672
0.8872
0.8944
0.9064
0.8816
0.8992
0.8904
0.8576
0.8544
0.8296
0.8608
0.8512
0.884
0.912
0.8504
0.8744
0.912
0.9056
0.9
0.9136
0.892
0.8976
0.8784
0.8656
0.8768
0.8856
0.872
0.8896
0.904
0.904
0.9232
0.9192
0.9096
0.9136
0.8832
0.86
0.864
0.8592
0.8512
0.8616
0.8416
0.8192
0.8296
0.8576
0.8448
0.8304
0.8304
0.8192
0.8408
0.8696
0.8552
0.8688
0.8584
0.8528
0.8304
0.828
0.792
0.816
0.8448
0.8384
0.8368
0.8624
0.864
0.8784
0.8688
0.8464
0.8608
0.8488
0.856
0.8704
0.856
0.836
0.84
0.8432
0.848
0.8744
0.888
0.8632
0.8728
0.8704
0.8992
0.8976
0.8856
0.9176
0.9096
0.8824
0.92
0.88
0.8752
0.8704
0.892
0.904
0.8952
0.8856
0.9048
0.9048
0.896
0.892
0.848
0.8648
0.9016
0.8496
0.8784
0.8936
0.864
0.8768
0.8512
0.8672
0.8864
0.8936
0.8992
0.856
0.8712
0.868
0.8952
0.8984
0.8728
0.8672
0.904
0.8928
0.8888
0.8744
0.8608
0.8592
0.8312
0.8504
0.8688
0.8832
0.8712
0.8864
0.8896
0.8736
0.8744
0.8248
0.8688
0.868
0.8472
0.828
0.8224
0.86
0.864
0.8616
0.8944
0.888
0.8784
0.8888
0.9008
0.8984
0.908
0.8928
0.9016
0.892
0.872
0.8496
0.8624
0.888
0.9
0.8952
0.8824
0.9232
0.9304
0.9264
0.9112
0.8968
0.888
0.8888
0.8952
0.8696
0.888
0.8776
0.8784
0.8656
0.8624
0.8528
0.8376
0.8368
0.7944
0.8
0.8544
0.8672
0.8792
0.8632
0.84
0.8744
0.8376
0.8728
0.88
0.8824
0.8856
0.892
0.8624
0.8872
0.8784
0.8648
0.8856
0.8896
0.888
0.8768
0.8968
0.8872
0.8784
0.876
0.8752
0.8712
0.8464
0.8232
0.8432
0.8904
0.8992
0.9024
0.8848
0.884
0.8864
0.8784
0.8792
0.8736
0.8744
0.8896
0.8696
0.8664
0.8392
0.852
0.852
0.8248
0.8464
0.844
0.8224
0.8296
0.8344
0.8432
0.8408
0.8528
0.8832
0.876
0.8912
0.8528
0.892
0.9136
0.9024
0.8896
0.8928
0.8424
0.8408
0.8632
0.8816
0.884
0.8888
0.8768
0.8424
0.8376
0.8576
0.8608
0.8544
0.8904
0.9056
0.912
0.896
0.872
0.8712
0.8432
0.8648
0.8792
0.8784
0.8632
0.872
0.8648
0.8784
0.9032
0.888
0.8888
0.888
0.8616
0.8688
0.8744
0.8928
0.9104
0.8784
0.8968
0.9064
0.908
0.892
0.8816
0.884
0.8744
0.8784
0.8872
0.8896
0.8952
0.8968
0.8784
0.8648
0.856
0.8648
0.9024
0.92
0.9072
0.88
0.892
0.8912
0.9024
0.896
0.8752
0.8976
0.872
0.8768
0.8752
0.896
0.8552
0.9008
0.8968
0.9056
0.8664
0.8848
0.8752
0.8872
0.9176
0.9136
0.8976
0.88
0.8904
0.8808
0.8736
0.8936
0.888
0.9
0.8904
0.8904
0.912
0.9216
0.904
0.8704
0.8816
0.8648
0.8272
0.8448
0.8568
0.8656
0.872
0.896
0.8896
0.9104
0.8904
0.8584
0.8736
0.8784
0.8968
0.896
0.8928
0.8448
0.8496
0.856
0.8496
0.8456
0.8792
0.9376
0.9256
0.9048
0.8984
0.8864
0.8768
0.8712
0.8744
0.8616
0.8272
0.8664
0.8616
0.8736
0.8784
0.8752
0.8912
0.8736
0.8944
0.888
0.8872
0.9
0.9016
0.9048
0.8904
0.9024
0.8984
0.868
0.8792
0.8768
0.8808
0.884
0.888
0.8552
0.8744
0.8848
0.884
0.8768
0.8864
0.8872
0.9024
0.8744
0.8936
0.8944
0.8888
0.8464
0.8568
0.852
0.8376
0.8624
0.8424
0.824
0.8424
0.8728
0.8888
0.888
0.8672
0.8512
0.8776
0.8704
0.9112
0.8896
0.884
0.864
0.864
0.8936
0.8824
0.8736
0.8904
0.9024
0.8992
0.8984
0.8944
0.8792
0.8912
0.8808
0.9248
0.88
0.8848
0.8936
0.8912
0.8824
0.8536
0.8664
0.9064
0.8896
0.9016
0.8848
0.8736
0.888
0.8768
0.8784
0.8656
0.852
0.8432
0.8464
0.8336
0.872
0.9016
0.864
0.8752
0.8664
0.8744
0.8776
0.864
0.88
0.9
0.9136
0.9032
0.8656
0.8896
0.8824
0.8944
0.9176
0.912
0.9024
0.8936
0.8632
0.868
0.892
0.8976
0.892
0.892
0.8616
0.8536
0.8368
0.86
0.8888
0.8704
0.8776
0.8784
0.8832
0.864
0.8472
0.8488
0.8832
0.908
0.8872
0.8952
0.88
0.8952
0.868
0.8872
0.8912
0.912
0.8968
0.884
0.8712
0.8952
0.8752
0.888
0.9
0.8904
0.9088
0.892
0.8888
0.8624
0.8672
0.868
0.8656
0.8888
0.9168
0.932
0.9024
0.9168
0.9104
0.904
0.888
0.8896
0.8936
0.8656
0.872
0.872
0.876
0.892
0.8944
0.8768
0.896
0.9072
0.9112
0.8856
0.892
0.9
0.8904
0.884
0.8728
0.8504
0.8408
0.8184
0.8736
0.872
0.8744
0.8832
0.9008
0.8944
0.8824
0.8888
0.8968
0.8936
0.876
0.8544
0.8656
0.8448
0.8128
0.8616
0.8536
0.8536
0.8568
0.8552
0.8152
0.784
0.7968
0.8152
0.8392
0.8648
0.8328
0.8352
0.8552
0.8416
0.8416
0.8688
0.8736
0.848
0.848
0.8928
0.86
0.8264
0.8
0.8224
0.8192
0.8512
0.8544
0.8752
0.8808
0.8768
0.8664
0.844
0.856
0.864
0.892
0.8912
0.8712
0.8776
0.8968
0.9032
0.908
0.8864
0.8808
0.8968
0.8984
0.8984
0.92
0.9136
0.9104
0.912
0.9104
0.9288
0.8912
0.8856
0.8896
0.8856
0.8616
0.8216
0.8704
0.8424
0.8456
0.8464
0.8832
0.856
0.8472
0.8536
0.8384
0.8224
0.852
0.8568
0.8568
0.8528
0.8456
0.8696
0.8424
0.8304
0.848
0.8696
0.8584
0.8792
0.9
0.884
0.9008
0.884
0.856
0.8328
0.864
0.8904
0.8792
0.8632
0.8704
0.8696
0.8624
0.8904
0.896
0.9008
0.8944
0.8672
0.8616
0.8544
0.8104
0.828
0.836
0.7896
0.8216
0.8488
0.86
0.8704
0.8776
0.8952
0.9096
0.868
0.8784
0.8864
0.888
0.9128
0.8928
0.8704
0.8456
0.8512
0.8736
0.8552
0.86
0.8584
0.8864
0.8848
0.8936
0.8592
0.8624
0.8696
0.8824
0.8944
0.8736
0.8344
0.8344
0.8456
0.8496
0.8296
0.8472
0.8368
0.8408
0.8512
0.8272
0.8512
0.8448
0.8456
0.8344
0.8776
0.8744
0.8704
0.8544
0.8728
0.868
0.912
0.9016
0.9056
0.9064
0.892
0.8936
0.9112
0.892
0.8744
0.872
0.8776
0.8624
0.8512
0.852
0.836
0.8296
0.8576
0.8616
0.852
0.8744
0.8656
0.844
0.8232
0.8248
0.8272
0.8424
0.8552
0.8672
0.8736
0.8544
0.8624
0.8312
0.8136
0.8304
0.868
0.8848
0.8712
0.8584
0.8656
0.8784
0.856
0.8888
0.908
0.9232
0.9048
0.904
0.9072
0.8984
0.908
0.8904
0.9184
0.8784
0.8888
0.8976
0.9064
0.9216
0.9008
0.8872
0.8824
0.8784
0.86
0.8712
0.8352
0.8256
0.8304
0.828
0.8376
0.8704
0.8688
0.8752
0.8608
0.8712
0.8568
0.8768
0.8816
0.9192
0.8808
0.864
0.8512
0.8608
0.8576
0.8552
0.848
0.8248
0.8008
0.8208
0.8328
0.8208
0.8168
0.824
0.8192
0.8208
0.8168
0.8256
0.8216
0.8224
0.812
0.8128
0.7864
0.8152
0.8096
0.8144
0.8264
0.8432
0.8624
0.8576
0.8312
0.8416
0.852
0.832
0.8488
0.86
0.8672
0.8888
0.8944
0.888
0.9064
0.9088
0.8944
0.8664
0.8776
0.8648
0.8672
0.868
0.8688
0.868
0.8672
0.8472
0.8552
0.8688
0.868
0.8816
0.8608
0.8568
0.8664
0.8536
0.8792
0.9032
0.8808
0.8672
0.888
0.9088
0.9064
0.9192
0.92
0.8896
0.8856
0.8768
0.8896
0.884
0.9072
0.9136
0.9032
0.8848
0.8832
0.8768
0.8712
0.8992
0.8944
0.8872
0.8944
0.9008
0.8792
0.8544
0.8736
