0.7104
0.7368
0.7336
0.6952
0.7248
0.7904
0.7744
0.748
0.7568
0.7136
0.6848
0.7448
0.7472
0.7656
0.8024
0.7928
0.7952
0.7976
0.8104
0.7824
0.8056
0.8376
0.8576
0.8504
0.8232
0.848
0.836
0.8336
0.8392
0.824
0.8008
0.8376
0.8184
0.8408
0.8304
0.8192
0.82
0.812
0.836
0.8128
0.8208
0.8088
0.7976
0.8056
0.7632
0.7816
0.836
0.8048
0.816
0.8296
0.8912
0.8704
0.8472
0.7952
0.84
0.84
0.8272
0.8528
0.8336
0.832
0.8232
0.8272
0.8528
0.8528
0.8072
0.7832
0.78
0.8064
0.7752
0.76
0.7456
0.776
0.7096
0.6736
0.6416
0.6496
0.6584
0.64
0.6552
0.7224
0.7264
0.7864
0.7672
0.7352
0.7496
0.7792
0.7784
0.7496
0.7568
0.7872
0.8336
0.792
0.7832
0.7632
0.7416
0.7376
0.7624
0.7944
0.8472
0.812
0.8256
0.792
0.836
0.8632
0.8592
0.8384
0.8432
0.7872
0.7448
0.7624
0.736
0.7456
0.7304
0.752
0.736
0.7496
0.756
0.7216
0.756
0.7936
0.7984
0.7912
0.7904
0.804
0.8352
0.836
0.8472
0.8416
0.8416
0.8704
0.8504
0.8016
0.8384
0.8176
0.7912
0.7752
0.74
0.764
0.7648
0.764
0.7896
0.7528
0.772
0.788
0.836
0.8456
0.8504
0.8648
0.8696
0.8552
0.7968
0.8248
0.804
0.7736
0.7824
0.808
0.8208
0.808
0.7832
0.8104
0.816
0.7936
0.8296
0.8328
0.8208
0.8448
0.8248
0.8424
0.84
0.8168
0.8024
0.7864
0.812
0.7952
0.8456
0.8256
0.8128
0.836
0.8208
0.8104
0.7912
0.8088
0.7944
0.8208
0.7936
0.7688
0.8
0.8216
0.8336
0.8256
0.852
0.8472
0.8752
0.896
0.848
0.832
0.8048
0.8072
0.7944
0.728
0.7064
0.7328
0.7416
0.7328
0.7728
0.768
0.784
0.7688
0.808
0.8008
0.7992
0.7688
0.772
0.7384
0.716
0.6984
0.7536
0.7944
0.7888
0.7856
0.8136
0.7992
0.8048
0.7968
0.7352
0.7032
0.744
0.7656
0.7736
0.7688
0.7456
0.7152
0.7488
0.7032
0.696
0.7408
0.7656
0.7592
0.78
0.7816
0.7936
0.76
0.7968
0.7824
0.776
0.7784
0.748
0.7448
0.76
0.7528
0.7472
0.752
0.7392
0.7416
0.72
0.7464
0.7368
0.7272
0.76
0.8032
0.8256
0.8104
0.796
0.788
0.7776
0.7816
0.7776
0.7832
0.7504
0.7472
0.7408
0.7544
0.7544
0.748
0.7552
0.7208
0.7424
0.7288
0.7744
0.7632
0.7664
0.7776
0.8056
0.7624
0.78
0.7728
0.784
0.7872
0.7728
0.7608
0.7752
0.772
0.7624
0.7568
0.7824
0.7784
0.7568
0.7544
0.7824
0.7656
0.7424
0.7576
0.716
0.7064
0.7824
0.8056
0.7816
0.7624
0.7776
0.7888
0.808
0.7768
0.784
0.7816
0.764
0.7704
0.7408
0.8
0.8128
0.8024
0.82
0.8256
0.8144
0.8368
0.8304
0.812
0.7864
0.776
0.7704
0.7888
0.7952
0.8064
0.8016
0.8224
0.808
0.8376
0.8096
0.7936
0.7752
0.708
0.724
0.6984
0.7416
0.756
0.748
0.7552
0.7144
0.7424
0.7944
0.796
0.772
0.7656
0.7696
0.7632
0.752
0.7472
0.7888
0.7576
0.788
0.7976
0.8096
0.8232
0.8344
0.8432
0.8336
0.8624
0.8584
0.836
0.8208
0.8056
0.812
0.8064
0.804
0.7944
0.804
0.7976
0.7968
0.7632
0.764
0.7304
0.7368
0.7672
0.7552
0.7336
0.7312
0.7088
0.7592
0.7952
0.7616
0.7432
0.8056
0.804
0.8168
0.84
0.7712
0.792
0.7168
0.66
0.6944
0.7
0.7224
0.7168
0.7512
0.764
0.7376
0.7408
0.732
0.7384
0.7432
0.7168
0.7464
0.736
0.7032
0.6944
0.7016
0.716
0.7344
0.7408
0.756
0.7888
0.7968
0.796
0.8128
0.8096
0.7664
0.7632
0.7584
0.7944
0.7976
0.8248
0.8336
0.744
0.7184
0.7488
0.7512
0.7568
0.8112
0.824
0.8136
0.8184
0.8144
0.8336
0.8432
0.8248
0.7712
0.7696
0.808
0.8
0.7856
0.776
0.7928
0.8152
0.8096
0.8112
0.8176
0.8072
0.7784
0.7792
0.768
0.748
0.736
0.7536
0.74
0.7256
0.704
0.7216
0.724
0.6608
0.5968
0.6096
0.6472
0.6472
0.6408
0.6512
0.6224
0.6368
0.6336
0.5696
0.6088
0.58
0.644
0.6544
0.6704
0.6904
0.724
0.7016
0.7184
0.7
0.7224
0.68
0.724
0.7224
0.7192
0.7144
0.7304
0.7624
0.7872
0.7904
0.7568
0.7832
0.772
0.7264
0.7056
0.7152
0.7232
0.7096
0.7416
0.8024
0.7888
0.8064
0.8056
0.8008
0.7664
0.7664
0.7808
0.7808
0.8048
0.8024
0.7672
0.8192
0.8104
0.8104
0.82
0.7784
0.7944
0.8024
0.7584
0.7752
0.8024
0.8
0.7824
0.7672
0.756
0.7648
0.7464
0.7744
0.7936
0.8008
0.796
0.8048
0.7768
0.7696
0.7816
0.7688
0.788
0.7608
0.728
0.6648
0.7208
0.7152
0.7088
0.6936
0.7072
0.7136
0.7472
0.724
0.6768
0.6576
0.7024
0.7128
0.6904
0.6512
0.6328
0.58
0.6128
0.6176
0.6984
0.6384
0.6192
0.6632
0.7224
0.7328
0.712
0.7304
0.7392
0.7024
0.684
0.6528
0.64
0.6216
0.6176
0.656
0.672
0.6992
0.7248
0.6912
0.7288
0.7168
0.7408
0.736
0.6552
0.6472
0.6864
0.6888
0.7288
0.7488
0.7536
0.7656
0.796
0.7848
0.7832
0.7608
0.7832
0.7952
0.792
0.8064
0.7784
0.7504
0.7856
0.8016
0.8064
0.7832
0.7544
0.7848
0.748
0.804
0.8016
0.8104
0.7928
0.7976
0.7728
0.732
0.7328
0.7536
0.7712
0.7848
0.764
0.7624
0.7736
0.7712
0.8208
0.8152
0.7872
0.7512
0.7536
0.7584
0.7304
0.728
0.7064
0.6736
0.7176
0.7472
0.7368
0.728
0.72
0.7416
0.7352
0.776
0.7664
0.8152
0.828
0.8136
0.7952
0.7792
0.7672
0.7472
0.7768
0.7992
0.76
0.7536
0.7432
0.7624
0.7344
0.7264
0.732
0.7384
0.76
0.7528
0.7784
0.7712
0.756
0.7432
0.7448
0.7712
0.7728
0.76
0.792
0.8384
0.8432
0.8168
0.8016
0.8168
0.8264
0.8152
0.7704
0.772
0.7744
0.7864
0.7296
0.724
0.7064
0.7456
0.788
0.7808
0.792
0.7904
0.7536
0.7584
0.7472
0.7344
0.7408
0.6856
0.7256
0.7976
0.7776
0.7776
0.7952
0.7736
0.7496
0.7192
0.7304
0.7176
0.72
0.7616
0.7912
0.7824
0.7984
0.796
0.808
0.788
0.7968
0.7952
0.8312
0.856
0.8488
0.848
0.8472
0.8512
0.8536
0.7984
0.8136
0.784
0.7856
0.7744
0.7824
0.824
0.8096
0.8096
0.8032
0.8344
0.832
0.812
0.8232
0.8232
0.828
0.8352
0.8552
0.844
0.8496
0.8216
0.852
0.8352
0.8056
0.7912
0.7928
0.8432
0.8128
0.812
0.8064
0.7864
0.8024
0.7944
0.8
0.8072
0.8192
0.7792
0.74
0.7512
0.7632
0.772
0.7824
0.7944
0.756
0.7632
0.7448
0.7688
0.7592
0.7704
0.7672
0.7616
0.7624
0.7968
0.788
0.756
0.768
0.78
0.7744
0.7232
0.7136
0.696
0.7104
0.6856
0.692
0.7032
0.7088
0.6768
0.6936
0.7032
0.7248
0.7344
0.7696
0.7424
0.748
0.7104
0.7248
0.7344
0.7352
0.6912
0.748
0.7592
0.728
0.7792
0.8104
0.7944
0.8192
0.8136
0.8384
0.8496
0.7944
0.7976
0.7832
0.7816
0.7248
0.7208
0.7384
0.7616
0.7704
0.7544
0.7688
0.756
0.7176
0.7224
0.7064
0.6856
0.6896
0.644
0.6768
0.6688
0.7184
0.72
0.7144
0.7112
0.7264
0.7112
0.7304
0.696
0.6744
0.6728
0.7104
0.6904
0.6912
0.6832
0.704
0.6888
0.6744
0.716
0.6992
0.7176
0.7464
0.744
0.7624
0.7608
0.7768
0.7616
0.6968
0.6928
0.6776
0.6736
0.6432
0.6256
0.6616
0.6816
0.7248
0.7112
0.6832
0.652
0.6848
0.7192
0.6584
0.656
0.6504
0.6256
0.6272
0.6624
0.6992
0.708
0.7264
0.7272
0.7376
0.7912
0.8024
0.8
0.784
0.7824
0.768
0.7768
0.7608
0.7992
0.8472
0.8328
0.8144
0.7984
0.7768
0.7504
0.7968
0.7848
0.7944
0.7888
0.792
0.7648
0.7768
0.7344
0.7776
0.7704
0.7896
0.8296
0.824
0.8672
0.88
0.864
0.8592
0.8512
0.832
0.8336
0.8352
0.8456
0.8288
0.8352
0.8072
0.7936
0.8128
0.808
0.7968
0.8488
0.8216
0.8344
0.8192
0.8264
0.7776
0.7776
0.7544
0.7408
0.7328
0.7112
0.7064
0.7328
0.7464
0.776
0.7672
0.7704
0.7512
0.7864
0.7768
0.7264
0.72
0.7304
0.68
0.6344
0.5968
0.64
0.5984
0.6232
0.6328
0.6568
0.6488
0.696
0.6824
0.6824
0.7096
0.6848
0.7064
0.7496
0.784
0.7984
0.816
0.7944
0.8064
0.7896
0.7792
0.7584
0.7264
0.716
0.7224
0.7176
0.7416
0.7304
0.7784
0.8096
0.8016
0.8344
0.8616
0.8648
0.8336
0.8032
0.8376
0.8288
0.828
0.8304
0.8352
0.8448
