0.77294921875
0.80859375
0.81982421875
0.82177734375
0.8388671875
0.8447265625
0.82958984375
0.82275390625
0.81982421875
0.82275390625
0.8369140625
0.83740234375
0.81201171875
0.7890625
0.81298828125
0.80908203125
0.8251953125
0.84033203125
0.83984375
0.8583984375
0.8330078125
0.81494140625
0.83642578125
0.84814453125
0.82080078125
0.82373046875
0.8154296875
0.81591796875
0.80712890625
0.78076171875
0.7744140625
0.8115234375
0.81884765625
0.810546875
0.81689453125
0.8154296875
0.8232421875
0.82568359375
0.80517578125
0.796875
0.80712890625
0.798828125
0.79443359375
0.79052734375
0.78271484375
0.76953125
0.8115234375
0.82177734375
0.80419921875
0.79541015625
0.7939453125
0.796875
0.80712890625
0.83251953125
0.83837890625
0.794921875
0.77587890625
0.75732421875
0.77490234375
0.7802734375
0.75048828125
0.7265625
0.72509765625
0.7333984375
0.736328125
0.736328125
0.71826171875
0.7314453125
0.705078125
0.69091796875
0.66943359375
0.63671875
0.6826171875
0.67529296875
0.66015625
0.65185546875
0.6435546875
0.5966796875
0.64013671875
0.703125
0.70458984375
0.70751953125
0.705078125
0.6845703125
0.6572265625
0.6279296875
0.64892578125
0.6484375
0.65185546875
0.650390625
0.65966796875
0.66357421875
0.7080078125
0.71728515625
0.70751953125
0.70849609375
0.6865234375
0.64208984375
0.63330078125
0.66650390625
0.6689453125
0.65380859375
0.67919921875
0.68994140625
0.7021484375
0.697265625
0.69091796875
0.69921875
0.72216796875
0.7158203125
0.6953125
0.69873046875
0.71484375
0.728515625
0.708984375
0.67431640625
0.66552734375
0.6845703125
0.7109375
0.7392578125
0.76171875
0.72802734375
0.74462890625
0.7314453125
0.73828125
0.7685546875
0.8134765625
0.8232421875
0.7998046875
0.82177734375
0.8154296875
0.79296875
0.787109375
0.73291015625
0.75341796875
0.7451171875
0.763671875
0.783203125
0.76708984375
0.74462890625
0.75830078125
0.7607421875
0.78955078125
0.81005859375
0.80078125
0.80712890625
0.78759765625
0.8017578125
0.82421875
0.79638671875
0.79296875
0.80322265625
0.8310546875
0.841796875
0.80615234375
0.830078125
0.83544921875
0.81396484375
0.8134765625
0.8232421875
0.80615234375
0.81201171875
0.78125
0.7802734375
0.8154296875
0.79833984375
0.79296875
0.81005859375
0.82373046875
0.79833984375
0.8251953125
0.8544921875
0.83251953125
0.79345703125
0.81494140625
0.81689453125
0.79638671875
0.822265625
0.7861328125
0.78564453125
0.76904296875
0.77294921875
0.76416015625
0.75390625
0.732421875
0.7470703125
0.7666015625
0.81494140625
0.79345703125
0.7822265625
0.796875
0.7802734375
0.79345703125
0.7998046875
0.78369140625
0.76220703125
0.77880859375
0.7412109375
0.7431640625
0.75341796875
0.740234375
0.75146484375
0.77587890625
0.78125
0.798828125
0.80078125
0.802734375
0.8173828125
0.78466796875
0.79345703125
0.82275390625
0.802734375
0.80419921875
0.7802734375
0.779296875
0.79248046875
0.78662109375
0.75732421875
0.73486328125
0.77197265625
0.75634765625
0.76904296875
0.7998046875
0.77734375
0.78173828125
0.82080078125
0.81591796875
0.8017578125
0.7890625
0.814453125
0.76025390625
0.72509765625
0.76611328125
0.7734375
0.77783203125
0.7685546875
0.7919921875
0.79150390625
0.77490234375
0.7666015625
0.736328125
0.7421875
0.765625
0.76806640625
0.7705078125
0.75341796875
0.8134765625
0.8134765625
0.83203125
0.8251953125
0.85009765625
0.8447265625
0.80908203125
0.81787109375
0.81689453125
0.791015625
0.8046875
0.77685546875
0.79052734375
0.77197265625
0.79345703125
0.7919921875
0.783203125
0.79541015625
0.806640625
0.80224609375
0.7939453125
0.74951171875
0.76611328125
0.77490234375
0.763671875
0.77099609375
0.7275390625
0.787109375
0.796875
0.79150390625
0.80078125
0.8046875
0.80224609375
0.81982421875
0.78515625
0.78466796875
0.74853515625
0.77197265625
0.7529296875
0.7421875
0.74853515625
0.75390625
0.74609375
0.77392578125
0.814453125
0.82373046875
0.83251953125
0.82568359375
0.818359375
0.84814453125
0.8486328125
0.81982421875
0.80419921875
0.775390625
0.73828125
0.72509765625
0.767578125
0.77099609375
0.751953125
0.7548828125
0.755859375
0.7763671875
0.7939453125
0.78564453125
0.76220703125
0.7333984375
0.7412109375
0.74755859375
0.73828125
0.75537109375
0.77880859375
0.81201171875
0.81640625
0.82421875
0.81982421875
0.8115234375
0.80419921875
0.7783203125
0.76513671875
0.76904296875
0.7666015625
0.78076171875
0.76025390625
0.79931640625
0.81298828125
0.8271484375
0.8310546875
0.83935546875
0.81787109375
0.7841796875
0.76904296875
0.7470703125
0.78759765625
0.77490234375
0.75390625
0.74462890625
0.72265625
0.73876953125
0.72705078125
0.74853515625
0.724609375
0.75390625
0.76416015625
0.7529296875
0.76123046875
0.783203125
0.78173828125
0.78076171875
0.77978515625
0.76171875
0.75537109375
0.75439453125
0.7568359375
0.783203125
0.8046875
0.77783203125
0.787109375
0.7998046875
0.8017578125
0.8076171875
0.79052734375
0.81787109375
0.8173828125
0.8359375
0.80224609375
0.8212890625
0.81884765625
0.81591796875
0.8310546875
0.80126953125
0.8037109375
0.83837890625
0.83837890625
0.80078125
0.8017578125
0.82275390625
0.828125
0.81640625
0.822265625
0.82861328125
0.81103515625
0.810546875
0.79296875
0.83837890625
0.81591796875
0.802734375
0.7958984375
0.7734375
0.7626953125
0.75244140625
0.77197265625
0.775390625
0.7880859375
0.767578125
0.76171875
0.7666015625
0.77001953125
0.77734375
0.7841796875
0.77587890625
0.8154296875
0.78662109375
0.77734375
0.8017578125
0.8251953125
0.81689453125
0.8193359375
0.83349609375
0.814453125
0.80810546875
0.80224609375
0.775390625
0.7841796875
0.79638671875
0.78076171875
0.78955078125
0.78662109375
0.77783203125
0.77880859375
0.75830078125
0.79248046875
0.8076171875
0.8154296875
0.78271484375
0.7685546875
0.73681640625
0.7216796875
0.7265625
0.72509765625
0.70458984375
0.712890625
0.72900390625
0.72607421875
0.74755859375
0.75146484375
0.77783203125
0.79931640625
0.791015625
0.79052734375
0.794921875
0.80224609375
0.79931640625
0.80224609375
0.80712890625
0.814453125
0.8310546875
0.81982421875
0.79248046875
0.787109375
0.77880859375
0.77587890625
0.8037109375
0.79248046875
0.77978515625
0.7724609375
0.77001953125
0.74169921875
0.77294921875
0.77685546875
0.7626953125
0.7626953125
0.751953125
0.765625
0.794921875
0.81396484375
0.8271484375
0.806640625
0.83984375
0.79736328125
0.7666015625
0.7666015625
0.77099609375
0.72802734375
0.71435546875
0.7373046875
0.75048828125
0.76708984375
0.7578125
0.7666015625
0.73291015625
0.77001953125
0.7529296875
0.7548828125
0.7509765625
0.71142578125
0.703125
0.71142578125
0.70947265625
0.71923828125
0.73095703125
0.7265625
0.72265625
0.7421875
0.75146484375
0.77197265625
0.7431640625
0.7705078125
0.767578125
0.79638671875
0.80419921875
0.77880859375
0.76220703125
0.75146484375
0.76171875
0.78759765625
0.7998046875
0.8173828125
0.80712890625
0.8095703125
0.7783203125
0.75390625
0.79833984375
0.79345703125
0.765625
0.73486328125
0.74755859375
0.734375
0.7392578125
0.72607421875
0.70263671875
0.71435546875
0.71728515625
0.69873046875
0.6953125
0.69140625
0.69091796875
0.69384765625
0.69482421875
0.70556640625
0.74169921875
0.75537109375
0.72705078125
0.75341796875
0.736328125
0.75830078125
0.75244140625
0.73291015625
0.70263671875
0.6806640625
0.72705078125
0.75390625
0.74658203125
0.73876953125
0.7763671875
0.7578125
0.73779296875
0.74462890625
0.7265625
0.71923828125
0.7119140625
0.7392578125
0.72509765625
0.748046875
0.7138671875
0.7294921875
0.74462890625
0.74072265625
0.72021484375
0.73779296875
0.76708984375
0.78564453125
0.7607421875
0.76220703125
0.72314453125
0.73779296875
0.73291015625
0.74169921875
0.7353515625
0.74658203125
0.748046875
0.7802734375
0.78515625
0.78564453125
0.810546875
0.80126953125
0.7822265625
0.77880859375
0.740234375
0.75048828125
0.75146484375
0.7568359375
0.7421875
0.7216796875
0.70947265625
0.72265625
0.75830078125
0.7529296875
0.751953125
0.7568359375
0.6884765625
0.6943359375
0.697265625
0.6748046875
0.67724609375
0.697265625
0.734375
0.71533203125
0.67626953125
0.7177734375
0.7626953125
0.79931640625
0.80712890625
0.78515625
0.791015625
0.79931640625
0.7958984375
0.7841796875
0.77783203125
0.77783203125
0.79052734375
0.7822265625
0.75537109375
0.75634765625
0.79931640625
0.82177734375
0.83642578125
0.80712890625
0.7666015625
0.7919921875
0.794921875
0.791015625
0.80029296875
0.794921875
0.77734375
0.74462890625
0.75634765625
0.7705078125
0.76171875
0.765625
0.7802734375
0.76318359375
0.76611328125
0.78466796875
0.8017578125
0.806640625
0.80859375
0.80712890625
0.78857421875
0.763671875
0.7568359375
0.71142578125
0.7177734375
0.72021484375
0.73486328125
0.7509765625
0.75048828125
0.78076171875
0.76953125
0.78173828125
0.802734375
0.83984375
0.8203125
0.79833984375
0.80419921875
0.7900390625
0.81640625
0.81103515625
0.798828125
0.8134765625
0.83203125
0.787109375
0.7958984375
0.81103515625
0.8212890625
0.845703125
0.82373046875
0.80517578125
0.8095703125
0.787109375
0.7802734375
0.78759765625
0.82958984375
0.79541015625
0.7900390625
0.806640625
0.7998046875
0.80810546875
0.79052734375
0.8046875
0.8134765625
0.80859375
0.82568359375
0.80712890625
0.8125
0.7958984375
0.775390625
0.78662109375
0.78466796875
0.79296875
0.77978515625
0.73486328125
0.7451171875
0.712890625
0.71044921875
0.67529296875
0.69970703125
0.7099609375
0.72509765625
0.7431640625
0.7451171875
0.75341796875
0.76220703125
0.72509765625
0.72509765625
0.74560546875
0.72998046875
0.7421875
0.72900390625
0.70849609375
0.677734375
0.6953125
0.71142578125
0.71630859375
0.7373046875
0.72802734375
0.74560546875
0.72705078125
0.7626953125
0.7724609375
0.74072265625
0.73876953125
0.73193359375
0.755859375
0.7607421875
0.74365234375
0.75927734375
0.75439453125
0.74609375
0.73876953125
0.736328125
0.736328125
0.734375
0.7451171875
0.7412109375
0.76513671875
0.76904296875
0.7802734375
0.82080078125
0.81103515625
0.8115234375
0.77978515625
0.775390625
0.8046875
0.8115234375
0.82275390625
0.8037109375
0.8076171875
0.8076171875
0.810546875
0.7744140625
0.76123046875
0.76513671875
0.75732421875
0.7724609375
0.794921875
0.76806640625
0.7802734375
0.77783203125
0.76806640625
0.78564453125
0.755859375
0.77294921875
0.77783203125
0.79296875
0.826171875
0.82958984375
0.82470703125
0.79736328125
0.79150390625
0.8203125
0.8271484375
0.818359375
0.80712890625
0.8173828125
0.84716796875
0.806640625
0.78271484375
0.8037109375
0.7822265625
0.767578125
0.76513671875
0.7646484375
0.724609375
0.73583984375
0.7529296875
0.75830078125
0.79541015625
0.79931640625
0.80810546875
0.81201171875
0.7958984375
0.8046875
0.8017578125
0.7666015625
0.75830078125
0.734375
0.70849609375
0.708984375
0.72265625
0.73046875
0.73876953125
0.75634765625
0.72998046875
0.7470703125
0.78271484375
0.81396484375
0.78515625
0.7783203125
0.810546875
0.78955078125
0.77783203125
0.80078125
0.806640625
0.82470703125
0.81591796875
0.82666015625
0.810546875
0.7841796875
0.7744140625
0.7734375
0.75
0.7001953125
0.7900390625
0.81640625
0.8291015625
0.83544921875
0.83642578125
0.82568359375
0.8349609375
0.802734375
0.81982421875
0.78369140625
0.75537109375
0.73583984375
0.72216796875
0.73974609375
0.76220703125
0.74169921875
0.755859375
0.720703125
0.724609375
0.73388671875
0.71435546875
0.740234375
0.75244140625
0.7333984375
0.7001953125
0.71044921875
0.7158203125
0.72998046875
0.73388671875
0.7314453125
0.74609375
0.7197265625
0.73046875
0.7236328125
0.74462890625
0.7548828125
0.75634765625
0.7451171875
0.73876953125
0.74169921875
0.76611328125
0.7666015625
0.75732421875
0.7578125
0.74072265625
0.759765625
0.7353515625
0.74072265625
0.7646484375
0.7890625
0.80810546875
0.8251953125
0.787109375
0.78076171875
0.78076171875
0.8193359375
0.8291015625
0.8056640625
0.79736328125
0.8115234375
0.80517578125
0.82666015625
0.82080078125
0.78466796875
0.77099609375
0.779296875
0.76513671875
0.72607421875
0.734375
0.71435546875
0.740234375
0.75244140625
0.70751953125
0.7353515625
0.740234375
0.736328125
0.71337890625
0.7255859375
0.70458984375
0.68359375
0.6943359375
0.7041015625
0.69873046875
0.70361328125
0.70068359375
0.6884765625
0.64990234375
0.63818359375
0.67138671875
0.68603515625
0.673828125
0.677734375
0.66796875
0.65478515625
0.69970703125
0.68994140625
0.70654296875
0.705078125
0.7294921875
0.69775390625
0.68994140625
0.73046875
0.72998046875
0.7412109375
0.7353515625
0.74072265625
0.70556640625
0.70458984375
0.66845703125
0.669921875
0.68994140625
0.66259765625
0.68408203125
0.6591796875
0.60498046875
0.583984375
0.5693359375
0.63720703125
0.6240234375
0.62060546875
0.60595703125
0.62255859375
0.6611328125
0.62353515625
0.650390625
0.64013671875
0.61376953125
0.6318359375
0.65234375
0.70263671875
0.70361328125
0.72314453125
0.732421875
0.74658203125
0.74365234375
0.73388671875
0.72216796875
0.76318359375
0.759765625
0.75439453125
0.75830078125
0.77099609375
0.77978515625
0.78271484375
0.78662109375
0.775390625
0.77197265625
0.732421875
0.73779296875
0.7314453125
0.724609375
0.7626953125
0.76953125
0.7666015625
0.7470703125
0.76904296875
0.7578125
0.77294921875
0.78369140625
0.79248046875
0.771484375
0.76318359375
0.80419921875
0.787109375
0.8095703125
0.7900390625
0.77490234375
0.75634765625
0.77587890625
0.80908203125
0.806640625
0.802734375
