0.2470703125
0.294921875
0.2666015625
0.21923828125
0.208984375
0.22705078125
0.19091796875
0.15673828125
0.1796875
0.22998046875
0.26220703125
0.2783203125
0.26904296875
0.28369140625
0.35009765625
0.30517578125
0.330078125
0.35400390625
0.365234375
0.359375
0.37841796875
0.41357421875
0.41796875
0.46044921875
0.4296875
0.39453125
0.39599609375
0.373046875
0.38330078125
0.41015625
0.39599609375
0.38330078125
0.35546875
0.34814453125
0.35693359375
0.37841796875
0.36474609375
0.345703125
0.357421875
0.36279296875
0.345703125
0.32177734375
0.3505859375
0.36328125
0.31689453125
0.2666015625
0.2705078125
0.28857421875
0.30908203125
0.2548828125
0.28662109375
0.2353515625
0.2294921875
0.25
0.2509765625
0.23388671875
0.21435546875
0.21533203125
0.22119140625
0.1826171875
0.177734375
0.19384765625
0.23046875
0.236328125
0.20556640625
0.22509765625
0.23828125
0.22802734375
0.25146484375
0.22265625
0.28369140625
0.2724609375
0.28515625
0.2705078125
0.28173828125
0.27197265625
0.2841796875
0.2890625
0.2861328125
0.2607421875
0.23388671875
0.18994140625
0.16259765625
0.13671875
0.1630859375
0.18212890625
0.16650390625
0.15625
0.17822265625
0.18017578125
0.16162109375
0.15966796875
0.1640625
0.19970703125
0.2060546875
0.2431640625
0.236328125
0.2412109375
0.23583984375
0.2158203125
0.2353515625
0.1884765625
0.1826171875
0.2060546875
0.2119140625
0.20556640625
0.1884765625
0.1943359375
0.17431640625
0.11181640625
0.09228515625
0.13134765625
0.16357421875
0.15576171875
0.16650390625
0.1689453125
0.162109375
0.19775390625
0.189453125
0.15380859375
0.12646484375
0.07861328125
0.06884765625
0.0771484375
0.07470703125
0.06298828125
0.0712890625
0.091796875
0.09619140625
0.08642578125
0.1171875
0.09521484375
0.1162109375
0.11376953125
0.11181640625
0.10498046875
0.13671875
0.134765625
0.12451171875
0.13916015625
0.09814453125
0.0830078125
0.11328125
0.0947265625
0.06494140625
0.12109375
0.17431640625
0.16748046875
0.17919921875
0.22265625
0.20166015625
0.1826171875
0.21728515625
0.27392578125
0.2802734375
0.2685546875
0.30322265625
0.2998046875
0.328125
0.3408203125
0.36474609375
0.37255859375
0.39013671875
0.39990234375
0.375
0.37109375
0.34423828125
0.35107421875
0.33837890625
0.34375
0.38623046875
0.38818359375
0.41650390625
0.43310546875
0.48681640625
0.4951171875
0.51416015625
0.5087890625
0.4990234375
0.56982421875
0.59326171875
0.5595703125
0.54638671875
0.48095703125
0.47509765625
0.46630859375
0.4599609375
0.48583984375
0.52392578125
0.5791015625
0.62255859375
0.63037109375
0.6220703125
0.67236328125
0.70263671875
0.7265625
0.71240234375
0.701171875
0.6708984375
0.64697265625
0.67041015625
0.67333984375
0.68115234375
0.6953125
0.66650390625
0.65576171875
0.62939453125
0.6298828125
0.6357421875
0.646484375
0.68603515625
0.6845703125
0.69384765625
0.654296875
0.63427734375
0.62744140625
0.63623046875
0.611328125
0.59912109375
0.6552734375
0.666015625
0.70361328125
0.7275390625
0.71484375
0.685546875
0.6376953125
0.64208984375
0.6533203125
0.65869140625
0.671875
0.64892578125
0.65283203125
0.66357421875
0.68408203125
0.6669921875
0.71240234375
0.71826171875
0.69970703125
0.71533203125
0.6904296875
0.72216796875
0.70166015625
0.71337890625
0.68359375
0.68359375
0.65966796875
0.6669921875
0.6962890625
0.70947265625
0.66064453125
0.65283203125
0.65625
0.62255859375
0.66796875
0.68408203125
0.701171875
0.7041015625
0.6875
0.6865234375
0.69287109375
0.66943359375
0.6640625
0.67333984375
0.6943359375
0.6865234375
0.7021484375
0.69970703125
0.671875
0.66552734375
0.6376953125
0.65576171875
0.67138671875
0.69287109375
0.66552734375
0.67138671875
0.65087890625
0.666015625
0.697265625
0.65576171875
0.638671875
0.62841796875
0.599609375
0.5673828125
0.52490234375
0.50390625
0.5419921875
0.54345703125
0.5283203125
0.53759765625
0.568359375
0.568359375
0.5908203125
0.57666015625
0.59033203125
0.5693359375
0.525390625
0.55322265625
0.59521484375
0.59619140625
0.5498046875
0.59912109375
0.5693359375
0.5546875
0.54150390625
0.498046875
0.48681640625
0.52197265625
0.5302734375
0.50927734375
0.49560546875
0.48095703125
0.515625
0.48779296875
0.50830078125
0.525390625
0.5537109375
0.5791015625
0.5556640625
0.59912109375
0.583984375
0.55126953125
0.5166015625
0.5322265625
0.5390625
0.52099609375
0.4755859375
0.4541015625
0.4609375
0.48046875
0.46484375
0.4462890625
0.4697265625
0.46728515625
0.47705078125
0.50048828125
0.53466796875
0.5400390625
0.5107421875
0.4716796875
0.43310546875
0.46728515625
0.4873046875
0.4755859375
0.4990234375
0.49462890625
0.5087890625
0.484375
0.48779296875
0.48486328125
0.490234375
0.47509765625
0.45458984375
0.4609375
0.435546875
0.4375
0.50439453125
0.50048828125
0.49267578125
0.5087890625
0.54150390625
0.55126953125
0.54833984375
0.51953125
0.52099609375
0.50634765625
0.525390625
0.52197265625
0.49951171875
0.53564453125
0.48974609375
0.49755859375
0.458984375
0.4296875
0.4208984375
0.4033203125
0.39013671875
0.38623046875
0.3671875
0.34033203125
0.3662109375
0.33203125
0.322265625
0.3310546875
0.33935546875
0.3642578125
0.341796875
0.34228515625
0.34521484375
0.326171875
0.3193359375
0.26513671875
0.26123046875
0.23583984375
0.21044921875
0.2236328125
0.24365234375
0.2421875
0.22216796875
0.265625
0.30810546875
0.3427734375
0.37060546875
0.3515625
0.3544921875
0.34423828125
0.37060546875
0.400390625
0.4033203125
0.3818359375
0.390625
0.39404296875
0.39501953125
0.4306640625
0.39111328125
0.4140625
0.3759765625
0.3837890625
0.39208984375
0.4013671875
0.3798828125
0.37646484375
0.4189453125
0.396484375
0.39404296875
0.32568359375
0.3095703125
0.30419921875
0.30615234375
0.30126953125
0.32568359375
0.3251953125
0.34375
0.3759765625
0.3857421875
0.36669921875
0.37841796875
0.38623046875
0.38330078125
0.38720703125
0.3984375
0.408203125
0.40087890625
0.3994140625
0.3798828125
0.4189453125
0.40771484375
0.4052734375
0.4169921875
0.42626953125
0.3828125
0.38671875
0.4013671875
0.39208984375
0.43310546875
0.443359375
0.42333984375
0.44580078125
0.47021484375
0.4677734375
0.45849609375
0.505859375
0.5048828125
0.515625
0.51513671875
0.533203125
0.48681640625
0.533203125
0.53173828125
0.4873046875
0.52880859375
0.4697265625
0.494140625
0.50146484375
0.54052734375
0.56103515625
0.5791015625
0.56396484375
0.53515625
0.52001953125
0.52978515625
0.5224609375
0.548828125
0.59521484375
0.58447265625
0.5986328125
0.6064453125
0.64013671875
0.6220703125
0.60595703125
0.60546875
0.58447265625
0.5498046875
0.560546875
0.55859375
0.576171875
0.59375
0.5966796875
0.642578125
0.59619140625
0.591796875
0.58837890625
0.53369140625
0.53564453125
0.52783203125
0.515625
0.51123046875
0.5322265625
0.54931640625
0.56884765625
0.55859375
0.5869140625
0.58837890625
0.59619140625
0.60546875
0.6240234375
0.62255859375
0.62744140625
0.63134765625
0.6181640625
0.59033203125
0.6103515625
0.59326171875
0.56298828125
0.54443359375
0.587890625
0.5810546875
0.58837890625
0.64697265625
0.64892578125
0.6533203125
0.6923828125
0.66357421875
0.69287109375
0.654296875
0.66845703125
0.6337890625
0.61328125
0.607421875
0.6083984375
0.6162109375
0.66357421875
0.6552734375
0.6845703125
0.705078125
0.671875
0.64208984375
0.64599609375
0.67138671875
0.67529296875
0.74169921875
0.7646484375
0.76220703125
0.73486328125
0.73486328125
0.73583984375
0.6953125
0.671875
0.66015625
0.640625
0.64794921875
0.6083984375
0.607421875
0.64990234375
0.6513671875
0.662109375
0.677734375
0.705078125
0.70751953125
0.72119140625
0.71826171875
0.7333984375
0.71142578125
0.67333984375
0.6787109375
0.64453125
0.62255859375
0.6162109375
0.6416015625
0.62451171875
0.67333984375
0.658203125
0.62890625
0.6640625
0.65283203125
0.6796875
0.66259765625
0.7041015625
0.6689453125
0.669921875
0.6552734375
0.66650390625
0.625
0.662109375
0.68017578125
0.6640625
0.6484375
0.65185546875
0.650390625
0.65185546875
0.66650390625
0.65185546875
0.64794921875
0.63720703125
0.63818359375
0.6142578125
0.60546875
0.5751953125
0.61279296875
0.6142578125
0.62744140625
0.63134765625
0.60107421875
0.59912109375
0.58984375
0.61669921875
0.5869140625
0.6181640625
0.6005859375
0.61328125
0.6123046875
0.60693359375
0.6279296875
0.6728515625
0.70458984375
0.6748046875
0.65478515625
0.67822265625
0.68017578125
0.6884765625
0.6787109375
0.69189453125
0.64990234375
0.65380859375
0.69580078125
0.6552734375
0.6396484375
0.67578125
0.68359375
0.6611328125
0.68017578125
0.662109375
0.64794921875
0.6484375
0.701171875
0.73291015625
0.697265625
0.69921875
0.71728515625
0.7109375
0.70458984375
0.71875
0.71923828125
0.72021484375
0.72265625
0.69873046875
0.6845703125
0.65478515625
0.6943359375
0.7041015625
0.6826171875
0.65576171875
0.68408203125
0.66748046875
0.681640625
0.66064453125
0.66259765625
0.7099609375
0.74072265625
0.7021484375
0.64501953125
0.68359375
0.68798828125
0.6923828125
0.66796875
0.65185546875
0.6220703125
0.64892578125
0.66455078125
0.681640625
0.666015625
0.64111328125
0.65185546875
0.662109375
0.6953125
0.7177734375
0.72900390625
0.74267578125
0.75439453125
0.75
0.74658203125
0.71630859375
0.73486328125
0.72607421875
0.69189453125
0.703125
0.7158203125
0.7109375
0.708984375
0.69189453125
0.6953125
0.70849609375
0.70849609375
0.681640625
0.6982421875
0.68798828125
0.68359375
0.66015625
0.65625
0.681640625
0.681640625
0.68115234375
0.6640625
0.65673828125
0.6650390625
0.7001953125
0.705078125
0.7080078125
0.7041015625
0.71923828125
0.71875
0.7294921875
0.70458984375
0.72705078125
0.71630859375
0.7138671875
0.66748046875
0.6962890625
0.6875
0.671875
0.67529296875
0.69140625
0.67919921875
0.67578125
0.65966796875
0.66064453125
0.65087890625
0.6484375
0.642578125
0.63818359375
0.64697265625
0.67431640625
0.6708984375
0.66748046875
0.65234375
0.63623046875
0.60888671875
0.6142578125
0.57373046875
0.54052734375
0.5830078125
0.5634765625
0.57861328125
0.6435546875
0.685546875
0.66943359375
0.6787109375
0.640625
0.634765625
0.63671875
0.6416015625
0.63232421875
0.6533203125
0.61669921875
0.62890625
0.60693359375
0.63134765625
0.666015625
0.66259765625
0.6591796875
0.67041015625
0.626953125
0.6474609375
0.68896484375
0.69873046875
0.69970703125
0.6826171875
0.7197265625
0.69580078125
0.68701171875
0.666015625
0.66552734375
0.623046875
0.59619140625
0.62548828125
0.5927734375
0.59326171875
0.61376953125
0.603515625
0.59423828125
0.5859375
0.6044921875
0.64013671875
0.61376953125
0.6083984375
0.6796875
0.666015625
0.66162109375
0.65576171875
0.65576171875
0.61669921875
0.62109375
0.61328125
0.5966796875
0.63037109375
0.62255859375
0.65087890625
0.6083984375
0.5859375
0.55078125
0.5546875
0.58154296875
0.61083984375
0.6123046875
0.58154296875
0.568359375
0.56396484375
0.544921875
0.546875
0.52734375
0.494140625
0.48974609375
0.46142578125
0.46484375
0.48046875
0.50341796875
0.50244140625
0.46923828125
0.4658203125
0.40576171875
0.4912109375
0.49169921875
0.46923828125
0.48291015625
0.44970703125
0.51806640625
0.4951171875
0.53125
0.53515625
0.5859375
0.56689453125
0.54443359375
0.5634765625
0.55322265625
0.560546875
0.5654296875
0.5576171875
0.57666015625
0.583984375
0.54736328125
0.5322265625
0.54296875
0.54296875
0.55810546875
0.56298828125
0.5458984375
0.54248046875
0.51123046875
0.54248046875
0.54150390625
0.5263671875
0.51806640625
0.48291015625
0.4990234375
0.49365234375
0.47998046875
0.451171875
0.48974609375
0.4912109375
0.490234375
0.50341796875
0.52734375
0.55712890625
0.56201171875
0.55810546875
0.55322265625
0.5185546875
0.5595703125
0.5361328125
0.5869140625
0.56396484375
0.59130859375
0.55419921875
0.5703125
0.51513671875
0.53515625
0.51416015625
0.4873046875
0.466796875
0.41796875
0.43115234375
0.43115234375
0.43896484375
0.42822265625
0.40478515625
0.349609375
0.34033203125
0.3837890625
0.416015625
0.408203125
0.40625
0.41796875
0.36865234375
0.40625
0.44287109375
0.43896484375
0.416015625
0.4345703125
0.423828125
0.40478515625
0.40966796875
0.47216796875
0.4638671875
0.4853515625
0.52001953125
0.5224609375
0.49072265625
0.49169921875
0.5087890625
0.4951171875
0.4716796875
0.5380859375
0.5625
0.552734375
0.53466796875
0.50146484375
0.51123046875
0.5419921875
0.5654296875
0.56982421875
0.5546875
0.5615234375
0.58984375
0.56787109375
0.53466796875
0.55615234375
0.55712890625
0.5419921875
0.5517578125
0.56396484375
0.54052734375
0.55908203125
0.54150390625
0.50537109375
0.5478515625
0.533203125
0.5244140625
0.4794921875
0.423828125
0.45263671875
0.470703125
0.4765625
0.4775390625
0.5302734375
0.5322265625
0.52099609375
0.52197265625
0.55419921875
0.54248046875
0.56884765625
0.53564453125
0.5400390625
0.541015625
0.56787109375
0.564453125
0.578125
0.65234375
0.666015625
0.677734375
0.67138671875
0.64208984375
0.6416015625
0.6689453125
0.6787109375
0.67724609375
0.6298828125
0.626953125
0.64306640625
0.64404296875
0.63818359375
0.64013671875
0.63232421875
0.599609375
0.6123046875
0.56787109375
0.6025390625
0.61279296875
0.67822265625
0.63916015625
0.61865234375
0.65966796875
0.63671875
0.630859375
0.67919921875
0.6669921875
0.64404296875
0.6044921875
0.60400390625
0.634765625
0.61572265625
0.5673828125
