0.0068359375
0.033203125
0.029296875
0.05126953125
0.12158203125
0.060546875
0.04931640625
0.07958984375
0.12841796875
0.1513671875
0.12548828125
0.10986328125
0.06689453125
0.04541015625
0.09375
0.08056640625
0.0400390625
0.00732421875
0.07861328125
0.07177734375
0.08349609375
0.09716796875
0.07080078125
0.05908203125
0.0595703125
0.06201171875
0.11572265625
0.08984375
0.09765625
0.11767578125
0.1005859375
0.1103515625
0.14501953125
0.15283203125
0.14111328125
0.166015625
0.11474609375
0.12451171875
0.0810546875
0.12255859375
0.11376953125
0.10791015625
0.14892578125
0.10498046875
0.12060546875
0.12939453125
0.09619140625
0.08056640625
0.0908203125
0.08935546875
0.0869140625
0.14990234375
0.18408203125
0.1904296875
0.20751953125
0.22607421875
0.18310546875
0.22021484375
0.24560546875
0.2412109375
0.29833984375
0.2841796875
0.25732421875
0.24462890625
0.21923828125
0.162109375
0.11181640625
0.10888671875
0.08642578125
0.09716796875
0.16162109375
0.14599609375
0.1416015625
0.13623046875
0.14599609375
0.14794921875
0.1376953125
0.08251953125
0.07080078125
0.0869140625
0.11865234375
0.166015625
0.1298828125
0.1103515625
0.0810546875
0.0732421875
0.0634765625
0.076171875
0.0908203125
0.1005859375
0.10546875
0.068359375
0.08935546875
0.09375
0.08251953125
0.11962890625
0.09716796875
0.10888671875
0.08544921875
0.11376953125
0.0869140625
0.078125
0.1201171875
0.13623046875
0.10205078125
0.02587890625
0.048828125
0.033203125
0.0302734375
0.0419921875
0.01611328125
0.0166015625
0.017578125
0.04052734375
0.01708984375
0.06005859375
0.01513671875
0.0263671875
0.0322265625
0.060546875
0.0693359375
0.0634765625
0.04638671875
0.033203125
0.04736328125
0.03515625
0.015625
0.02197265625
0.021484375
0.01904296875
0.00439453125
0.04736328125
0.00927734375
0.00634765625
0.01806640625
0.04345703125
0.01904296875
0.0107421875
0.02392578125
0.02197265625
0.04443359375
0.06298828125
0.0908203125
0.0810546875
0.087890625
0.03564453125
0.02001953125
0.05029296875
0.021484375
0.07421875
0.07861328125
0.0927734375
0.08349609375
0.08740234375
0.07666015625
0.1572265625
0.201171875
0.228515625
0.2099609375
0.22607421875
0.19580078125
0.20703125
0.19482421875
0.22119140625
0.2138671875
0.19287109375
0.1845703125
0.19970703125
0.1640625
0.12744140625
0.11328125
0.115234375
0.05029296875
0.04833984375
0.005859375
0.0009765625
0.04345703125
0.05419921875
0.00830078125
0.0146484375
0.0244140625
0.0283203125
0.03466796875
0.02197265625
0.02734375
0.0009765625
0.0126953125
0.03076171875
0.06640625
0.03857421875
0.04931640625
0.02880859375
0.0283203125
0.01416015625
0.01513671875
0.02685546875
0.00537109375
0.03515625
0.076171875
0.0849609375
0.10009765625
0.08984375
0.0712890625
0.0986328125
0.009765625
0.00634765625
0.0126953125
0.01220703125
0.02294921875
0.0224609375
0.0107421875
0.01025390625
0.0390625
0.02099609375
0.06201171875
0.009765625
0.02001953125
0.01904296875
0.0478515625
0.1025390625
0.125
0.083984375
0.05908203125
0.05224609375
0.10986328125
0.107421875
0.1279296875
0.080078125
0.0810546875
0.09130859375
0.0966796875
0.06787109375
0.0927734375
0.13623046875
0.12353515625
0.0888671875
0.0869140625
0.08935546875
0.0947265625
0.08203125
0.0703125
0.05908203125
0.09619140625
0.1123046875
0.08349609375
0.12255859375
0.1181640625
0.05029296875
0.01953125
0.0400390625
0.0576171875
0.04443359375
0.060546875
0.05126953125
0.03564453125
0.017578125
0.04248046875
0.01708984375
0.03173828125
0.0048828125
0.0224609375
0.00634765625
0.0224609375
0.0869140625
0.115234375
0.1455078125
0.12353515625
0.15185546875
0.16259765625
0.1279296875
0.1044921875
0.11572265625
0.0556640625
0.0458984375
0.00634765625
0.00341796875
0.01171875
0.01220703125
0.001953125
0.021484375
0.01025390625
0.0234375
0.02685546875
0.0029296875
0.03369140625
0.0205078125
0.01611328125
0.01220703125
0.00146484375
0.02587890625
0.03125
0.00634765625
0.0263671875
0.02880859375
0.09814453125
0.06591796875
0.06689453125
0.04345703125
0.00439453125
0.02783203125
0.048828125
0.04833984375
0.0517578125
0.0048828125
0.0810546875
0.05517578125
0.01953125
0.0068359375
0.046875
0.0380859375
0.01025390625
0.01416015625
0.02197265625
0.037109375
0.03466796875
0.0283203125
0.02099609375
0.01123046875
0.04150390625
0.0888671875
0.09423828125
0.12255859375
0.13330078125
0.09130859375
0.07421875
0.064453125
0.05859375
0.0322265625
0.0029296875
0.01708984375
0.0224609375
0.0478515625
0.0771484375
0.09375
0.10595703125
0.099609375
0.08544921875
0.05419921875
0.0390625
0.0634765625
0.0625
0.0263671875
0.00439453125
0.0
0.02001953125
0.0068359375
0.0048828125
0.02392578125
0.05322265625
0.01171875
0.01953125
0.01806640625
0.06640625
0.0712890625
0.10009765625
0.1123046875
0.1318359375
0.064453125
0.0244140625
0.021484375
0.0009765625
0.00634765625
0.01611328125
0.0009765625
0.02001953125
0.00830078125
0.05615234375
0.048828125
0.07373046875
0.05517578125
0.015625
0.01806640625
0.03662109375
0.0615234375
0.0498046875
0.0439453125
0.0126953125
0.04638671875
0.08740234375
0.11572265625
0.1640625
0.19921875
0.18310546875
0.171875
0.14453125
0.1123046875
0.0947265625
0.07666015625
0.07763671875
0.03515625
0.01806640625
0.01220703125
0.05859375
0.0166015625
0.041015625
0.0546875
0.10791015625
0.13818359375
0.15869140625
0.14013671875
0.1513671875
0.13720703125
0.09814453125
0.103515625
0.103515625
0.09228515625
0.12744140625
0.10595703125
0.05029296875
0.07861328125
0.05908203125
0.01904296875
0.08349609375
0.0400390625
0.080078125
0.02587890625
0.00048828125
0.01318359375
0.06787109375
0.0546875
0.00341796875
0.0712890625
0.03857421875
0.03369140625
0.01904296875
0.00341796875
0.01025390625
0.001953125
0.025390625
0.01708984375
0.0078125
0.0400390625
0.00390625
0.0166015625
0.03466796875
0.05029296875
0.03857421875
0.1142578125
0.080078125
0.05712890625
0.03759765625
0.017578125
0.013671875
0.00634765625
0.0185546875
0.02001953125
0.0107421875
0.0576171875
0.00439453125
0.02197265625
0.01708984375
0.041015625
0.03173828125
0.07470703125
0.083984375
0.07861328125
0.0771484375
0.072265625
0.0556640625
0.01416015625
0.0595703125
0.00146484375
0.06396484375
0.048828125
0.0380859375
0.06884765625
0.06689453125
0.0810546875
0.07861328125
0.06396484375
0.0927734375
0.05517578125
0.001953125
0.05419921875
0.0947265625
0.12744140625
0.07470703125
0.05615234375
0.0615234375
0.07275390625
0.03173828125
0.009765625
0.0048828125
0.01806640625
0.0087890625
0.0078125
0.0546875
0.0419921875
0.04052734375
0.0927734375
0.1025390625
0.08056640625
0.0556640625
0.09716796875
0.08154296875
0.13232421875
0.1142578125
0.09619140625
0.02197265625
0.009765625
0.001953125
0.04931640625
0.05126953125
0.056640625
0.02294921875
0.03173828125
0.08642578125
0.09765625
0.10986328125
0.09130859375
0.1005859375
0.16015625
0.11767578125
0.1201171875
0.11279296875
0.099609375
0.11474609375
0.0908203125
0.048828125
0.04736328125
0.0361328125
0.0771484375
0.0849609375
0.0517578125
0.06396484375
0.03662109375
0.04296875
0.02001953125
0.048828125
0.00341796875
0.0078125
0.03076171875
0.046875
0.07568359375
0.0439453125
0.01806640625
0.046875
0.08056640625
0.10986328125
0.07421875
0.09814453125
0.11767578125
0.123046875
0.11767578125
0.1240234375
0.19580078125
0.166015625
0.14111328125
0.10693359375
0.1064453125
0.07275390625
0.05078125
0.046875
0.041015625
0.044921875
0.08447265625
0.04296875
0.04296875
0.04638671875
0.03564453125
0.02294921875
0.0517578125
0.05908203125
0.08154296875
0.0673828125
0.02392578125
0.05224609375
0.00830078125
0.0693359375
0.04736328125
0.02001953125
0.0068359375
0.00537109375
0.01123046875
0.00048828125
0.02685546875
0.0400390625
0.044921875
0.01953125
0.0166015625
0.033203125
0.03955078125
0.0029296875
0.02099609375
0.033203125
0.0634765625
0.0791015625
0.06396484375
0.0185546875
0.0029296875
0.01318359375
0.0390625
0.05126953125
0.02734375
0.00390625
0.04150390625
0.02294921875
0.02197265625
0.0458984375
0.05908203125
0.1171875
0.08154296875
0.09765625
0.09619140625
0.044921875
0.02880859375
0.029296875
0.03173828125
0.03271484375
0.03369140625
0.06787109375
0.0439453125
0.04931640625
0.02294921875
0.04736328125
0.0478515625
0.0048828125
0.00244140625
0.0
0.03173828125
0.01171875
0.029296875
0.00390625
0.00634765625
0.01806640625
0.033203125
0.00146484375
0.0146484375
0.02880859375
0.00830078125
0.08154296875
0.142578125
0.11865234375
0.083984375
0.01611328125
0.025390625
0.00390625
0.02783203125
0.03271484375
0.060546875
0.056640625
0.09375
0.0849609375
0.1201171875
0.17919921875
0.17578125
0.1806640625
0.166015625
0.126953125
0.11083984375
0.181640625
0.1494140625
0.14501953125
0.14599609375
0.2001953125
0.1806640625
0.17822265625
0.2001953125
0.19287109375
0.224609375
0.216796875
0.20849609375
0.216796875
0.177734375
0.16259765625
0.1064453125
0.076171875
0.04833984375
0.013671875
0.0390625
0.03759765625
0.04931640625
0.02490234375
0.0107421875
0.05029296875
0.02734375
0.009765625
0.05615234375
0.10009765625
0.1220703125
0.13623046875
0.13330078125
0.10107421875
0.1376953125
0.11865234375
0.1025390625
0.09814453125
0.0126953125
0.04736328125
0.01416015625
0.04638671875
0.04345703125
0.02197265625
0.0390625
0.07470703125
0.123046875
0.08935546875
0.10498046875
0.1025390625
0.10693359375
0.1142578125
0.07177734375
0.1083984375
0.08984375
0.0673828125
0.0625
0.046875
0.0419921875
0.12060546875
0.1923828125
0.171875
0.14111328125
0.09716796875
0.1552734375
0.22900390625
0.1748046875
0.193359375
0.25048828125
0.28662109375
0.28515625
0.27001953125
0.3037109375
0.30419921875
0.3134765625
0.30712890625
0.28759765625
0.33447265625
0.34814453125
0.36279296875
0.38330078125
0.38525390625
0.431640625
0.40380859375
0.3447265625
0.33544921875
0.32275390625
0.2802734375
0.29150390625
0.267578125
0.27783203125
0.296875
0.330078125
0.3056640625
0.33056640625
0.34423828125
0.41357421875
0.3916015625
0.35546875
0.37841796875
0.36083984375
0.35498046875
0.34912109375
0.34228515625
0.380859375
0.35107421875
0.3193359375
0.29345703125
0.21337890625
0.1796875
0.17236328125
0.17041015625
0.162109375
0.1455078125
0.14794921875
0.11376953125
0.0849609375
0.1025390625
0.10791015625
0.0791015625
0.05810546875
0.0673828125
0.06787109375
0.05810546875
0.044921875
0.03271484375
0.0126953125
0.021484375
0.00732421875
0.03271484375
0.04296875
0.0087890625
0.0078125
0.017578125
0.06201171875
0.0615234375
0.1220703125
0.185546875
0.1689453125
0.1220703125
0.0986328125
0.1015625
0.06884765625
0.04931640625
0.017578125
0.0234375
0.0009765625
0.033203125
0.0146484375
0.041015625
0.09375
0.1103515625
0.1025390625
0.1123046875
0.1416015625
0.15478515625
0.17431640625
0.1708984375
0.14453125
0.1171875
0.11181640625
0.06689453125
0.05712890625
0.04345703125
0.0791015625
0.0703125
0.00048828125
0.00244140625
0.01171875
0.05029296875
0.0595703125
0.001953125
0.02001953125
0.02685546875
0.03955078125
0.0556640625
0.052734375
0.015625
0.0185546875
0.02294921875
0.05029296875
0.06396484375
0.0849609375
0.10009765625
0.0927734375
0.08740234375
0.1005859375
0.02490234375
0.01806640625
0.03857421875
0.05224609375
0.05126953125
0.0556640625
0.04052734375
0.01220703125
0.0595703125
0.05322265625
0.037109375
0.06103515625
0.15673828125
0.173828125
0.19189453125
0.1796875
0.234375
0.1767578125
0.2109375
0.20654296875
0.1982421875
0.25634765625
0.23583984375
0.216796875
0.18603515625
0.20751953125
0.1826171875
0.1962890625
0.205078125
0.14453125
0.14013671875
0.1064453125
0.09619140625
0.10693359375
0.10546875
0.126953125
0.1337890625
0.109375
0.1220703125
0.10888671875
0.10693359375
0.08642578125
0.03759765625
0.03857421875
0.00830078125
0.01318359375
0.04638671875
0.0615234375
0.01904296875
0.00732421875
0.0205078125
0.0205078125
0.033203125
0.01025390625
0.03173828125
0.02197265625
0.05615234375
0.07177734375
0.05078125
0.04345703125
0.0126953125
0.05224609375
0.07861328125
0.01025390625
0.0341796875
0.0302734375
0.0341796875
0.0439453125
0.064453125
0.06689453125
0.072265625
0.0693359375
0.0341796875
0.01123046875
0.01220703125
0.00244140625
0.00341796875
0.0224609375
0.02490234375
0.0205078125
0.0087890625
0.00390625
0.00830078125
0.00244140625
0.0146484375
0.001953125
0.005859375
0.02294921875
0.01318359375
0.05078125
0.0947265625
0.0966796875
0.06201171875
0.03857421875
0.07763671875
0.11328125
0.1513671875
0.12158203125
0.09228515625
0.0849609375
0.12646484375
0.126953125
0.14111328125
0.15185546875
0.08447265625
0.06396484375
0.0546875
0.0771484375
0.078125
0.091796875
0.072265625
0.11181640625
0.19384765625
0.16064453125
0.208984375
0.18359375
0.17822265625
0.1201171875
0.13427734375
0.1044921875
0.0830078125
0.05517578125
0.0126953125
0.0087890625
0.01318359375
0.01611328125
0.00439453125
0.01904296875
0.041015625
0.01611328125
0.01220703125
0.01416015625
0.06591796875
0.04345703125
0.0380859375
0.0263671875
0.01513671875
0.0
0.03857421875
0.03662109375
0.09375
0.11328125
0.13671875
0.15087890625
0.1748046875
0.17626953125
0.1953125
0.14990234375
0.14404296875
0.125
0.146484375
0.1650390625
0.21533203125
0.22119140625
0.21142578125
0.18017578125
0.177734375
0.2197265625
0.26318359375
0.2685546875
0.2802734375
0.2490234375
0.26708984375
0.27783203125
