0.0234375
0.01318359375
0.0087890625
0.00341796875
0.00634765625
0.021484375
0.07958984375
0.0986328125
0.078125
0.013671875
0.00146484375
0.01953125
0.0205078125
0.0390625
0.0400390625
0.06591796875
0.0498046875
0.10302734375
0.140625
0.07470703125
0.05810546875
0.00634765625
0.0439453125
0.046875
0.0498046875
0.03466796875
0.06005859375
0.09033203125
0.06591796875
0.07568359375
0.02685546875
0.07275390625
0.08642578125
0.1171875
0.09130859375
0.11474609375
0.0869140625
0.0703125
0.123046875
0.1240234375
0.1064453125
0.07421875
0.0322265625
0.0927734375
0.1123046875
0.10302734375
0.099609375
0.1298828125
0.1064453125
0.03955078125
0.0009765625
0.037109375
0.0498046875
0.03759765625
0.08984375
0.091796875
0.05126953125
0.05712890625
0.0537109375
0.12939453125
0.13623046875
0.12255859375
0.0986328125
0.13525390625
0.1025390625
0.13916015625
0.177734375
0.18359375
0.1865234375
0.14501953125
0.10546875
0.13427734375
0.12451171875
0.07568359375
0.05126953125
0.01220703125
0.05810546875
0.1044921875
0.1142578125
0.0849609375
0.06787109375
0.02392578125
0.048828125
0.03564453125
0.02880859375
0.07568359375
0.07080078125
0.11181640625
0.05419921875
0.03369140625
0.02783203125
0.03369140625
0.0263671875
0.0205078125
0.02587890625
0.01416015625
0.02294921875
0.0546875
0.0458984375
0.03759765625
0.01171875
0.0400390625
0.03564453125
0.01220703125
0.013671875
0.0224609375
0.021484375
0.01220703125
0.00732421875
0.0498046875
0.0595703125
0.03759765625
0.046875
0.0068359375
0.03271484375
0.06005859375
0.04150390625
0.0087890625
0.00390625
0.01416015625
0.03076171875
0.04638671875
0.09619140625
0.1103515625
0.13037109375
0.14794921875
0.18505859375
0.1767578125
0.193359375
0.20263671875
0.22216796875
0.1728515625
0.2265625
0.2724609375
0.2705078125
0.26806640625
0.29052734375
0.2421875
0.2236328125
0.240234375
0.21240234375
0.17919921875
0.197265625
0.1904296875
0.19189453125
0.22705078125
0.25048828125
0.22412109375
0.16845703125
0.18359375
0.22216796875
0.2001953125
0.23681640625
0.2431640625
0.24462890625
0.20947265625
0.216796875
0.25341796875
0.23388671875
0.275390625
0.24609375
0.25634765625
0.240234375
0.29052734375
0.26953125
0.20166015625
0.16015625
0.1943359375
0.21875
0.171875
0.12646484375
0.13427734375
0.13671875
0.18994140625
0.20654296875
0.19140625
0.1337890625
0.15478515625
0.1572265625
0.13232421875
0.10595703125
0.12841796875
0.11572265625
0.11865234375
0.11181640625
0.1376953125
0.12548828125
0.150390625
0.14599609375
0.20849609375
0.1640625
0.11572265625
0.08056640625
0.037109375
0.072265625
0.04296875
0.01953125
0.056640625
0.109375
0.07568359375
0.1083984375
0.13818359375
0.17822265625
0.17431640625
0.166015625
0.1826171875
0.1796875
0.1826171875
0.22021484375
0.2080078125
0.21875
0.20361328125
0.1982421875
0.1298828125
0.125
0.134765625
0.13916015625
0.2158203125
0.17529296875
0.1474609375
0.177734375
0.23046875
0.2236328125
0.20458984375
0.197265625
0.19970703125
0.20458984375
0.224609375
0.18310546875
0.21533203125
0.20703125
0.18505859375
0.171875
0.14208984375
0.14599609375
0.15625
0.12646484375
0.17822265625
0.18310546875
0.2158203125
0.197265625
0.1767578125
0.16162109375
0.14697265625
0.08740234375
0.0576171875
0.12255859375
0.18603515625
0.18212890625
0.1728515625
0.17431640625
0.17919921875
0.15966796875
0.189453125
0.2353515625
0.2685546875
0.251953125
0.240234375
0.23828125
0.2021484375
0.18798828125
0.1865234375
0.1728515625
0.14697265625
0.16748046875
0.21044921875
0.21142578125
0.22900390625
0.24169921875
0.240234375
0.26513671875
0.2783203125
0.203125
0.21484375
0.18994140625
0.20849609375
0.19970703125
0.1591796875
0.12890625
0.1171875
0.11572265625
0.07568359375
0.0810546875
0.0498046875
0.07080078125
0.015625
0.01220703125
0.001953125
0.0322265625
0.04443359375
0.07470703125
0.10107421875
0.09033203125
0.09521484375
0.0205078125
0.013671875
0.02783203125
0.015625
0.0595703125
0.0849609375
0.0625
0.03125
0.03515625
0.015625
0.01904296875
0.03076171875
0.078125
0.0537109375
0.05615234375
0.05859375
0.05224609375
0.017578125
0.02490234375
0.0673828125
0.06298828125
0.07861328125
0.09619140625
0.12548828125
0.14794921875
0.17626953125
0.228515625
0.2451171875
0.1875
0.17724609375
0.1826171875
0.158203125
0.15234375
0.1474609375
0.1435546875
0.12353515625
0.1142578125
0.10205078125
0.05615234375
0.00244140625
0.0068359375
0.0302734375
0.0126953125
0.0595703125
0.0322265625
0.03564453125
0.00634765625
0.02490234375
0.0078125
0.04443359375
0.0537109375
0.0419921875
0.025390625
0.0595703125
0.05712890625
0.0400390625
0.0849609375
0.0947265625
0.06103515625
0.05810546875
0.091796875
0.099609375
0.09423828125
0.064453125
0.095703125
0.087890625
0.107421875
0.0537109375
0.11767578125
0.0478515625
0.056640625
0.08837890625
0.09130859375
0.044921875
0.07666015625
0.06689453125
0.1171875
0.08740234375
0.1171875
0.142578125
0.14599609375
0.1455078125
0.10595703125
0.10546875
0.06689453125
0.0146484375
0.048828125
0.01806640625
0.00830078125
0.00341796875
0.03076171875
0.0029296875
0.072265625
0.05908203125
0.0849609375
0.046875
0.06396484375
0.08349609375
0.1181640625
0.1201171875
0.11669921875
0.12744140625
0.078125
0.05078125
0.072265625
0.07958984375
0.09326171875
0.1416015625
0.13134765625
0.10986328125
0.06494140625
0.02685546875
0.04052734375
0.01220703125
0.01220703125
0.0205078125
0.048828125
0.04296875
0.0166015625
0.0498046875
0.10791015625
0.08349609375
0.10009765625
0.083984375
0.08447265625
0.0576171875
0.0302734375
0.00146484375
0.0
0.02685546875
0.0927734375
0.0693359375
0.0673828125
0.07958984375
0.119140625
0.1474609375
0.09716796875
0.10546875
0.11083984375
0.1494140625
0.1640625
0.16064453125
0.154296875
0.11083984375
0.14111328125
0.166015625
0.177734375
0.16650390625
0.111328125
0.12451171875
0.1171875
0.14892578125
0.15087890625
0.18701171875
0.2138671875
0.32421875
0.3583984375
0.33154296875
0.32421875
0.26416015625
0.29736328125
0.29345703125
0.27001953125
0.26171875
0.23681640625
0.22412109375
0.22119140625
0.20166015625
0.19775390625
0.14599609375
0.12890625
0.07177734375
0.07177734375
0.134765625
0.14794921875
0.11328125
0.0966796875
0.1494140625
0.115234375
0.1611328125
0.15771484375
0.15625
0.1416015625
0.099609375
0.12841796875
0.1318359375
0.17236328125
0.15625
0.1630859375
0.15869140625
0.1826171875
0.18115234375
0.16552734375
0.16064453125
0.1015625
0.0517578125
0.06103515625
0.0625
0.091796875
0.0390625
0.02294921875
0.03662109375
0.04736328125
0.03955078125
0.03271484375
0.01025390625
0.025390625
0.06787109375
0.15234375
0.16015625
0.1220703125
0.12890625
0.12353515625
0.1142578125
0.14697265625
0.13671875
0.18603515625
0.16650390625
0.126953125
0.10986328125
0.11865234375
0.1171875
0.095703125
0.07763671875
0.07666015625
0.0869140625
0.07470703125
0.0771484375
0.08154296875
0.0498046875
0.0205078125
0.048828125
0.0380859375
0.06396484375
0.05029296875
0.05322265625
0.0595703125
0.0595703125
0.02001953125
0.00927734375
0.0263671875
0.0478515625
0.02783203125
0.07275390625
0.11181640625
0.03955078125
0.05078125
0.04541015625
0.0263671875
0.017578125
0.04150390625
0.0205078125
0.00537109375
0.03076171875
0.03955078125
0.01416015625
0.04345703125
0.087890625
0.09326171875
0.07373046875
0.09228515625
0.072265625
0.103515625
0.103515625
0.083984375
0.14794921875
0.12744140625
0.177734375
0.14208984375
0.1376953125
0.146484375
0.11279296875
0.12353515625
0.1044921875
0.11572265625
0.0791015625
0.11376953125
0.130859375
0.13623046875
0.12548828125
0.15576171875
0.1259765625
0.1162109375
0.12109375
0.1025390625
0.064453125
0.0791015625
0.07421875
0.07080078125
0.1015625
0.1015625
0.14453125
0.11474609375
0.16552734375
0.150390625
0.16357421875
0.18798828125
0.18994140625
0.162109375
0.18798828125
0.20556640625
0.17431640625
0.1572265625
0.173828125
0.22705078125
0.23681640625
0.20068359375
0.1767578125
0.24609375
0.21484375
0.19482421875
0.1875
0.15185546875
0.16064453125
0.125
0.10546875
0.1005859375
0.0732421875
0.0986328125
0.12451171875
0.193359375
0.16650390625
0.13525390625
0.13916015625
0.1669921875
0.14453125
0.1328125
0.12158203125
0.1181640625
0.1181640625
0.13037109375
0.1015625
0.1123046875
0.1025390625
0.0732421875
0.0087890625
0.03271484375
0.03955078125
0.00244140625
0.01611328125
0.05859375
0.04931640625
0.03759765625
0.0458984375
0.02685546875
0.009765625
0.03515625
0.0400390625
0.1015625
0.060546875
0.044921875
0.04150390625
0.07470703125
0.08154296875
0.0947265625
0.11572265625
0.18115234375
0.20361328125
0.16748046875
0.18408203125
0.2080078125
0.18212890625
0.1865234375
0.21435546875
0.24365234375
0.26953125
0.30224609375
0.25732421875
0.19580078125
0.18505859375
0.15673828125
0.14501953125
0.08154296875
0.07763671875
0.09375
0.10791015625
0.09619140625
0.0439453125
0.046875
0.05126953125
0.044921875
0.0634765625
0.06103515625
0.05419921875
0.04052734375
0.05859375
0.03173828125
0.02294921875
0.00390625
0.013671875
0.02685546875
0.01123046875
0.03662109375
0.02587890625
0.0615234375
0.0771484375
0.09716796875
0.16650390625
0.177734375
0.2294921875
0.24658203125
0.23974609375
0.27587890625
0.27783203125
0.2470703125
0.232421875
0.267578125
0.27978515625
0.2744140625
0.2763671875
0.27880859375
0.2548828125
0.29248046875
0.32763671875
0.314453125
0.369140625
0.38916015625
0.37939453125
0.39892578125
0.40771484375
0.43408203125
0.47607421875
0.46142578125
0.462890625
0.4521484375
0.43359375
0.4287109375
0.41845703125
0.40478515625
0.42919921875
0.40625
0.45703125
0.478515625
0.5009765625
0.53857421875
0.51123046875
0.49609375
0.45703125
0.447265625
0.44189453125
0.43212890625
0.3896484375
0.41162109375
0.447265625
0.4365234375
0.41943359375
0.38623046875
0.41162109375
0.412109375
0.38330078125
0.30126953125
0.3037109375
0.30322265625
0.255859375
0.22314453125
0.20751953125
0.25048828125
0.2509765625
0.26220703125
0.2265625
0.20556640625
0.23876953125
0.22509765625
0.21240234375
0.19091796875
0.19140625
0.16015625
0.18115234375
0.1630859375
0.15478515625
0.16552734375
0.10888671875
0.16552734375
0.171875
0.14404296875
0.12451171875
0.08154296875
0.08984375
0.09814453125
0.14013671875
0.12646484375
0.091796875
0.0517578125
0.0869140625
0.080078125
0.0908203125
0.123046875
0.0498046875
0.00048828125
0.017578125
0.0068359375
0.0068359375
0.009765625
0.01025390625
0.03076171875
0.0595703125
0.06787109375
0.0830078125
0.10400390625
0.1064453125
0.13134765625
0.14404296875
0.173828125
0.208984375
0.23388671875
0.205078125
0.19970703125
0.22412109375
0.22607421875
0.1591796875
0.1982421875
0.25732421875
0.28173828125
0.3515625
0.3408203125
0.3388671875
0.330078125
0.3515625
0.37451171875
0.34619140625
0.3583984375
0.33203125
0.31494140625
0.23583984375
0.1953125
0.22216796875
0.2470703125
0.220703125
0.248046875
0.21630859375
0.21337890625
0.2431640625
0.2626953125
0.328125
0.28466796875
0.2685546875
0.2021484375
0.16943359375
0.1787109375
0.22900390625
0.21630859375
0.21044921875
0.22314453125
0.1875
0.2138671875
0.19873046875
0.16845703125
0.19970703125
0.1435546875
0.09130859375
0.10498046875
0.130859375
0.11279296875
0.06494140625
0.052734375
0.052734375
0.06103515625
0.08935546875
0.09423828125
0.12158203125
0.0888671875
0.1103515625
0.13037109375
0.13818359375
0.15625
0.181640625
0.23583984375
0.23681640625
0.24951171875
0.23828125
0.2001953125
0.2236328125
0.23681640625
0.2822265625
0.27587890625
0.2646484375
0.28173828125
0.267578125
0.24658203125
0.29150390625
0.29248046875
0.26953125
0.2451171875
0.19921875
0.2314453125
0.275390625
0.3203125
0.33349609375
0.35791015625
0.36328125
0.3603515625
0.3701171875
0.35302734375
0.31591796875
0.31494140625
0.33544921875
0.31884765625
0.30517578125
0.2880859375
0.2958984375
0.34423828125
0.2861328125
0.27734375
0.28076171875
0.3046875
0.296875
0.2802734375
0.28955078125
0.26025390625
0.2998046875
0.36669921875
0.30859375
0.27099609375
0.24658203125
0.2705078125
0.296875
0.26611328125
0.28125
0.2724609375
0.29345703125
0.3779296875
0.369140625
0.40234375
0.4013671875
0.42333984375
0.41943359375
0.4287109375
0.44775390625
0.43896484375
0.44921875
0.42822265625
0.375
0.33251953125
0.302734375
0.2880859375
0.24267578125
0.2568359375
0.30859375
0.30078125
0.267578125
0.3203125
0.33251953125
0.330078125
0.34521484375
0.33056640625
0.3681640625
0.35107421875
0.30517578125
0.32666015625
0.28173828125
0.23828125
0.2568359375
0.2392578125
0.23046875
0.21826171875
0.20361328125
0.20556640625
0.16650390625
0.1669921875
0.21142578125
0.2119140625
0.17822265625
0.18115234375
0.1640625
0.20361328125
0.2412109375
0.2626953125
0.26953125
0.29443359375
0.2255859375
0.2783203125
0.279296875
0.25830078125
0.3046875
0.3271484375
0.34326171875
0.390625
0.37841796875
0.376953125
0.4013671875
0.3876953125
0.40966796875
0.40087890625
0.4404296875
0.39990234375
0.34130859375
0.32568359375
0.3193359375
0.30615234375
0.33642578125
0.36669921875
0.33203125
0.36572265625
0.3681640625
0.36181640625
0.330078125
0.306640625
0.30810546875
0.2724609375
0.3125
0.33984375
0.3486328125
0.3173828125
0.3525390625
0.3251953125
0.3515625
