0.87890625
0.869140625
0.908203125
0.916015625
0.923828125
0.84765625
0.8671875
0.888671875
0.908203125
0.8515625
0.84765625
0.861328125
0.853515625
0.830078125
0.818359375
0.82421875
0.8515625
0.869140625
0.875
0.900390625
0.904296875
0.890625
0.853515625
0.83984375
0.8828125
0.873046875
0.85546875
0.888671875
0.9140625
0.89453125
0.892578125
0.90234375
0.919921875
0.896484375
0.92578125
0.91015625
0.87109375
0.841796875
0.888671875
0.865234375
0.853515625
0.8125
0.828125
0.841796875
0.861328125
0.888671875
0.88671875
0.873046875
0.90625
0.927734375
0.884765625
0.90625
0.91015625
0.92578125
0.87890625
0.86328125
0.869140625
0.873046875
0.873046875
0.90234375
0.8515625
0.880859375
0.9140625
0.91796875
0.8828125
0.900390625
0.923828125
0.90234375
0.923828125
0.92578125
0.908203125
0.884765625
0.853515625
0.888671875
0.869140625
0.87109375
0.857421875
0.884765625
0.880859375
0.84765625
0.88671875
0.87890625
0.892578125
0.88671875
0.89453125
0.869140625
0.87890625
0.888671875
0.8828125
0.85546875
0.87109375
0.916015625
0.873046875
0.8671875
0.890625
0.935546875
0.888671875
0.880859375
0.892578125
0.904296875
0.830078125
0.83984375
0.841796875
0.830078125
0.818359375
0.8359375
0.802734375
0.787109375
0.80859375
0.869140625
0.830078125
0.87109375
0.900390625
0.85546875
0.861328125
0.859375
0.884765625
0.904296875
0.857421875
0.865234375
0.84765625
0.88671875
0.828125
0.8046875
0.845703125
0.912109375
0.904296875
0.87890625
0.86328125
0.8515625
0.85546875
0.904296875
0.92578125
0.8828125
0.857421875
0.8515625
0.830078125
0.826171875
0.84375
0.86328125
0.806640625
0.8515625
0.875
0.880859375
0.880859375
0.91015625
0.8984375
0.92578125
0.927734375
0.88671875
0.890625
0.896484375
0.896484375
0.8828125
0.85546875
0.8828125
0.91796875
0.908203125
0.904296875
0.927734375
0.90625
0.900390625
0.9140625
0.9140625
0.869140625
0.865234375
0.8515625
0.912109375
0.888671875
0.857421875
0.865234375
0.841796875
0.8671875
0.904296875
0.875
0.853515625
0.8984375
0.89453125
0.89453125
0.921875
0.87109375
0.90625
0.89453125
0.845703125
0.84375
0.87109375
0.869140625
0.81640625
0.859375
0.8984375
0.904296875
0.91015625
0.93359375
0.9296875
0.8984375
0.916015625
0.93359375
0.912109375
0.900390625
0.888671875
0.884765625
0.87890625
0.857421875
0.828125
0.873046875
0.8515625
0.84375
0.83203125
0.87109375
0.869140625
0.880859375
0.904296875
0.916015625
0.89453125
0.900390625
0.9140625
0.939453125
0.91796875
0.912109375
0.923828125
0.93359375
0.912109375
0.892578125
0.9140625
0.89453125
0.869140625
0.88671875
0.87890625
0.87109375
0.845703125
0.845703125
0.80078125
0.814453125
0.84765625
0.833984375
0.8359375
0.869140625
0.86328125
0.91796875
0.865234375
0.869140625
0.89453125
0.89453125
0.87109375
0.82421875
0.85546875
0.8125
0.83203125
0.875
0.8671875
0.87109375
0.875
0.8671875
0.83984375
0.767578125
0.755859375
0.7734375
0.71875
0.7578125
0.763671875
0.841796875
0.892578125
0.91015625
0.89453125
0.90234375
0.865234375
0.89453125
0.88671875
0.87890625
0.908203125
0.90234375
0.921875
0.9140625
0.9296875
0.9375
0.9296875
0.912109375
0.93359375
0.92578125
0.908203125
0.9375
0.9140625
0.892578125
0.890625
0.859375
0.748046875
0.78125
0.837890625
0.77734375
0.84375
0.86328125
0.88671875
0.890625
0.86328125
0.837890625
0.826171875
0.791015625
0.833984375
0.8203125
0.861328125
0.875
0.86328125
0.865234375
0.85546875
0.92578125
0.927734375
0.904296875
0.90625
0.8984375
0.91015625
0.875
0.89453125
0.88671875
0.87890625
0.890625
0.89453125
0.900390625
0.86328125
0.865234375
0.875
0.82421875
0.822265625
0.833984375
0.84375
0.875
0.859375
0.904296875
0.8984375
0.89453125
0.8828125
0.93359375
0.921875
0.92578125
0.88671875
0.85546875
0.8828125
0.880859375
0.87890625
0.88671875
0.830078125
0.814453125
0.8828125
0.888671875
0.888671875
0.849609375
0.841796875
0.873046875
0.875
0.859375
0.876953125
0.86328125
0.87109375
0.8671875
0.869140625
0.87109375
0.890625
0.888671875
0.876953125
0.857421875
0.87109375
0.896484375
0.89453125
0.876953125
0.88671875
0.8671875
0.86328125
0.861328125
0.8984375
0.876953125
0.8828125
0.888671875
0.912109375
0.94140625
0.927734375
0.912109375
0.908203125
0.900390625
0.91015625
0.87109375
0.880859375
0.8671875
0.87109375
0.87109375
0.904296875
0.91015625
0.904296875
0.8984375
0.876953125
0.875
0.908203125
0.890625
0.91796875
0.880859375
0.87890625
0.8828125
0.908203125
0.896484375
0.94921875
0.953125
0.92578125
0.869140625
0.8515625
0.86328125
0.87890625
0.8828125
0.908203125
0.92578125
0.904296875
0.873046875
0.853515625
0.84765625
0.861328125
0.857421875
0.818359375
0.86328125
0.923828125
0.9296875
0.912109375
0.87109375
0.853515625
0.849609375
0.833984375
0.869140625
0.849609375
0.83203125
0.783203125
0.779296875
0.79296875
0.853515625
0.892578125
0.892578125
0.845703125
0.85546875
0.865234375
0.853515625
0.8984375
0.919921875
0.9296875
0.9140625
0.896484375
0.91015625
0.87890625
0.830078125
0.83203125
0.896484375
0.845703125
0.818359375
0.8671875
0.87890625
0.904296875
0.888671875
0.869140625
0.865234375
0.869140625
0.849609375
0.830078125
0.8359375
0.873046875
0.8671875
0.80859375
0.8203125
0.81640625
0.859375
0.875
0.888671875
0.90234375
0.890625
0.869140625
0.828125
0.888671875
0.87890625
0.8828125
0.830078125
0.748046875
0.779296875
0.806640625
0.7421875
0.697265625
0.712890625
0.736328125
0.810546875
0.828125
0.82421875
0.908203125
0.853515625
0.859375
0.91796875
0.876953125
0.8828125
0.900390625
0.904296875
0.90234375
0.916015625
0.912109375
0.912109375
0.896484375
0.884765625
0.900390625
0.884765625
0.875
0.91015625
0.86328125
0.873046875
0.880859375
0.833984375
0.83984375
0.853515625
0.865234375
0.865234375
0.849609375
0.865234375
0.8671875
0.91015625
0.8984375
0.8984375
0.875
0.8671875
0.884765625
0.888671875
0.869140625
0.900390625
0.861328125
0.830078125
0.85546875
0.87890625
0.873046875
0.896484375
0.916015625
0.890625
0.857421875
0.896484375
0.896484375
0.896484375
0.873046875
0.87109375
0.923828125
0.931640625
0.896484375
0.896484375
0.904296875
0.912109375
0.9140625
0.921875
0.91796875
0.9375
0.865234375
0.86328125
0.84765625
0.8671875
0.869140625
0.8515625
0.86328125
0.880859375
0.869140625
0.859375
0.91796875
0.919921875
0.83984375
0.8671875
0.8359375
0.828125
0.86328125
0.845703125
0.921875
0.912109375
0.888671875
0.8515625
0.830078125
0.8203125
0.84765625
0.85546875
0.8671875
0.900390625
0.9375
0.90625
0.912109375
0.8828125
0.859375
0.806640625
0.8203125
0.763671875
0.814453125
0.857421875
0.85546875
0.8515625
0.78125
0.76953125
0.775390625
0.75390625
0.74609375
0.75390625
0.79296875
0.76171875
0.78515625
0.716796875
0.78125
0.763671875
0.76953125
0.72265625
0.67578125
0.6796875
0.666015625
0.634765625
0.591796875
0.619140625
0.681640625
0.62109375
0.623046875
0.537109375
0.556640625
0.51953125
0.484375
0.47265625
0.43359375
0.41015625
0.41015625
0.39453125
0.40234375
0.388671875
0.283203125
0.3046875
0.251953125
0.21484375
0.111328125
0.16015625
0.15234375
0.109375
0.08984375
0.0625
0.01953125
0.0625
0.091796875
0.123046875
0.115234375
0.091796875
0.08203125
0.05859375
0.0625
0.0625
0.041015625
0.0
0.0078125
0.03125
0.015625
0.001953125
0.03515625
0.013671875
0.005859375
0.10546875
0.013671875
0.0390625
0.021484375
0.046875
0.068359375
0.10546875
0.083984375
0.095703125
0.111328125
0.119140625
0.1796875
0.19140625
0.294921875
0.291015625
0.24609375
0.29296875
0.3046875
0.314453125
0.34765625
0.31640625
0.326171875
0.359375
0.3359375
0.31640625
0.34765625
0.30859375
0.3828125
0.392578125
0.4296875
0.33984375
0.3671875
0.400390625
0.46875
0.541015625
0.5546875
0.607421875
0.63671875
0.6796875
0.68359375
0.7109375
0.7265625
0.720703125
0.748046875
0.763671875
0.75390625
0.7265625
0.7109375
0.724609375
0.79296875
0.826171875
0.78125
0.833984375
0.900390625
0.845703125
0.830078125
0.77734375
0.802734375
0.83984375
0.794921875
0.796875
0.791015625
0.8125
0.888671875
0.904296875
0.908203125
0.88671875
0.904296875
0.9140625
0.93359375
0.90625
0.912109375
0.908203125
0.91796875
0.890625
0.90625
0.9140625
0.880859375
0.90625
0.927734375
0.87109375
0.841796875
0.884765625
0.861328125
0.8515625
0.83984375
0.853515625
0.896484375
0.908203125
0.88671875
0.904296875
0.86328125
0.85546875
0.88671875
0.8671875
0.884765625
0.845703125
0.83984375
0.87890625
0.91015625
0.900390625
0.8984375
0.8671875
0.908203125
0.9140625
0.9140625
0.916015625
0.888671875
0.9140625
0.91796875
0.90625
0.904296875
0.87109375
0.89453125
0.91015625
0.91796875
0.87890625
0.857421875
0.783203125
0.80859375
0.873046875
0.822265625
0.826171875
0.77734375
0.759765625
0.767578125
0.76953125
0.8203125
0.775390625
0.791015625
0.802734375
0.810546875
0.841796875
0.833984375
0.89453125
0.87890625
0.875
0.884765625
0.880859375
0.87890625
0.888671875
0.89453125
0.919921875
0.8671875
0.923828125
0.896484375
0.888671875
0.8984375
0.873046875
0.865234375
0.857421875
0.880859375
0.865234375
0.880859375
0.896484375
0.87109375
0.84765625
0.859375
0.87109375
0.857421875
0.8359375
0.806640625
0.802734375
0.783203125
0.845703125
0.888671875
0.892578125
0.859375
0.890625
0.859375
0.869140625
0.896484375
0.853515625
0.85546875
0.828125
0.861328125
0.814453125
0.81640625
0.833984375
0.89453125
0.875
0.8828125
0.884765625
0.890625
0.908203125
0.8828125
0.861328125
0.8515625
0.8984375
0.900390625
0.89453125
0.86328125
0.892578125
0.8828125
0.92578125
0.919921875
0.892578125
0.86328125
0.900390625
0.9296875
0.896484375
0.8828125
0.88671875
0.888671875
0.916015625
0.904296875
0.876953125
0.8984375
0.880859375
0.876953125
0.8984375
0.916015625
0.923828125
0.908203125
0.890625
0.875
0.861328125
0.890625
0.90234375
0.880859375
0.88671875
0.86328125
0.873046875
0.89453125
0.9140625
0.87890625
0.8828125
0.880859375
0.8515625
0.861328125
0.88671875
0.9296875
0.91015625
0.900390625
0.8828125
0.85546875
0.8828125
0.919921875
0.93359375
0.912109375
0.931640625
0.88671875
0.86328125
0.84375
0.845703125
0.88671875
0.876953125
0.88671875
0.9375
0.9140625
0.90234375
0.876953125
0.90234375
0.88671875
0.8203125
0.8046875
0.828125
0.84765625
0.8359375
0.87109375
0.8671875
0.857421875
0.853515625
0.857421875
0.8359375
0.787109375
0.77734375
0.787109375
0.734375
0.833984375
0.787109375
0.841796875
0.81640625
0.849609375
0.84375
0.794921875
0.806640625
0.869140625
0.880859375
0.8671875
0.890625
0.923828125
0.912109375
0.9140625
0.892578125
0.90625
0.892578125
0.837890625
0.845703125
0.85546875
0.888671875
0.908203125
0.888671875
0.90625
0.8671875
0.87109375
0.888671875
0.90234375
0.89453125
0.892578125
0.85546875
0.85546875
0.828125
0.875
0.923828125
0.861328125
0.841796875
0.8359375
0.859375
0.890625
0.87890625
0.873046875
0.837890625
0.845703125
0.853515625
0.865234375
0.833984375
0.90234375
0.87109375
0.908203125
0.892578125
0.919921875
0.8828125
0.875
0.859375
0.861328125
0.88671875
0.890625
0.865234375
0.92578125
0.9140625
0.9140625
0.89453125
0.91015625
0.869140625
0.833984375
0.830078125
0.861328125
0.89453125
0.91796875
0.86328125
0.85546875
0.919921875
0.9296875
0.896484375
0.91015625
0.89453125
0.93359375
0.919921875
0.87890625
0.8515625
0.859375
