0.64697265625
0.6484375
0.66015625
0.70556640625
0.71044921875
0.73876953125
0.7509765625
0.7841796875
0.78125
0.7783203125
0.7705078125
0.77685546875
0.78662109375
0.77392578125
0.77734375
0.77978515625
0.76416015625
0.763671875
0.77001953125
0.7939453125
0.7958984375
0.8232421875
0.80859375
0.787109375
0.78955078125
0.8076171875
0.80810546875
0.82958984375
0.81787109375
0.8388671875
0.8212890625
0.7978515625
0.830078125
0.8427734375
0.8037109375
0.81591796875
0.81884765625
0.8232421875
0.81396484375
0.8330078125
0.8330078125
0.84326171875
0.85205078125
0.83154296875
0.8037109375
0.8046875
0.78564453125
0.7890625
0.79150390625
0.78759765625
0.79345703125
0.82080078125
0.7939453125
0.8046875
0.7841796875
0.787109375
0.79443359375
0.77001953125
0.759765625
0.77734375
0.77099609375
0.771484375
0.771484375
0.8017578125
0.81591796875
0.80615234375
0.810546875
0.77685546875
0.806640625
0.81201171875
0.8115234375
0.8134765625
0.7998046875
0.791015625
0.80908203125
0.8154296875
0.7958984375
0.81591796875
0.80712890625
0.7998046875
0.7939453125
0.783203125
0.77392578125
0.75146484375
0.75146484375
0.78857421875
0.79541015625
0.82421875
0.81298828125
0.8134765625
0.8388671875
0.82373046875
0.796875
0.7998046875
0.8154296875
0.8056640625
0.78173828125
0.78759765625
0.77392578125
0.7802734375
0.8076171875
0.81201171875
0.802734375
0.7880859375
0.80859375
0.8076171875
0.7978515625
0.7607421875
0.73974609375
0.7607421875
0.736328125
0.74365234375
0.77978515625
0.78125
0.78076171875
0.767578125
0.77294921875
0.78125
0.76318359375
0.78369140625
0.79345703125
0.77490234375
0.771484375
0.7939453125
0.80126953125
0.7890625
0.77783203125
0.7470703125
0.75390625
0.7646484375
0.73046875
0.73193359375
0.7236328125
0.716796875
0.71630859375
0.74609375
0.74658203125
0.74853515625
0.77490234375
0.77099609375
0.75439453125
0.7607421875
0.7705078125
0.73876953125
0.74853515625
0.7587890625
0.75390625
0.75341796875
0.7607421875
0.72314453125
0.76513671875
0.763671875
0.76513671875
0.80859375
0.8056640625
0.806640625
0.80810546875
0.77099609375
0.78125
0.78271484375
0.75390625
0.740234375
0.76953125
0.7919921875
0.78369140625
0.796875
0.80810546875
0.814453125
0.80029296875
0.77490234375
0.80224609375
0.80126953125
0.8076171875
0.7431640625
0.74658203125
0.734375
0.7197265625
0.68603515625
0.681640625
0.7119140625
0.72509765625
0.73486328125
0.7138671875
0.68896484375
0.6806640625
0.681640625
0.71875
0.7021484375
0.68408203125
0.705078125
0.72119140625
0.70703125
0.72802734375
0.74609375
0.72119140625
0.69775390625
0.69677734375
0.7021484375
0.71044921875
0.70166015625
0.73583984375
0.70703125
0.73291015625
0.74560546875
0.73291015625
0.7568359375
0.75
0.78564453125
0.75537109375
0.77001953125
0.75146484375
0.75537109375
0.74853515625
0.74462890625
0.72509765625
0.70947265625
0.70166015625
0.69140625
0.68359375
0.73291015625
0.7216796875
0.7412109375
0.7392578125
0.755859375
0.744140625
0.71484375
0.740234375
0.7314453125
0.712890625
0.7216796875
0.712890625
0.7138671875
0.6982421875
0.71484375
0.74072265625
0.7529296875
0.75048828125
0.73779296875
0.7119140625
0.708984375
0.72998046875
0.7177734375
0.7041015625
0.72900390625
0.7353515625
0.728515625
0.7314453125
0.7353515625
0.7431640625
0.7314453125
0.7158203125
0.763671875
0.7822265625
0.76953125
0.7392578125
0.71435546875
0.73095703125
0.7158203125
0.71240234375
0.7060546875
0.69580078125
0.73095703125
0.7275390625
0.7119140625
0.70751953125
0.73828125
0.74560546875
0.7568359375
0.73583984375
0.73876953125
0.72509765625
0.73388671875
0.74560546875
0.75146484375
0.73828125
0.73291015625
0.71142578125
0.73486328125
0.73779296875
0.73046875
0.73046875
0.74658203125
0.7216796875
0.7158203125
0.662109375
0.68017578125
0.666015625
0.67236328125
0.6533203125
0.66015625
0.68994140625
0.66845703125
0.6630859375
0.68603515625
0.67431640625
0.703125
0.7275390625
0.7294921875
0.70263671875
0.69677734375
0.7158203125
0.7177734375
0.73974609375
0.75341796875
0.73779296875
0.71826171875
0.71533203125
0.716796875
0.70751953125
0.70751953125
0.6943359375
0.671875
0.6806640625
0.71728515625
0.69482421875
0.703125
0.6982421875
0.71923828125
0.73876953125
0.7734375
0.76416015625
0.7744140625
0.78662109375
0.7734375
0.814453125
0.8203125
0.81005859375
0.8251953125
0.79052734375
0.8232421875
0.8271484375
0.81494140625
0.81201171875
0.82373046875
0.80712890625
0.82861328125
0.8349609375
0.814453125
0.80517578125
0.78759765625
0.75390625
0.75390625
0.7666015625
0.7783203125
0.80615234375
0.8310546875
0.84228515625
0.84619140625
0.8486328125
0.83154296875
0.81982421875
0.7939453125
0.79248046875
0.81884765625
0.79248046875
0.79296875
0.77783203125
0.76123046875
0.72119140625
0.71337890625
0.72509765625
0.74560546875
0.7333984375
0.7509765625
0.76220703125
0.779296875
0.7783203125
0.77587890625
0.78662109375
0.78857421875
0.7939453125
0.79931640625
0.82470703125
0.8056640625
0.7958984375
0.81298828125
0.82421875
0.826171875
0.81201171875
0.81494140625
0.78271484375
0.80712890625
0.810546875
0.82568359375
0.8271484375
0.80908203125
0.80126953125
0.8076171875
0.8115234375
0.79931640625
0.806640625
0.81005859375
0.84033203125
0.8349609375
0.8154296875
0.82421875
0.82958984375
0.8359375
0.83154296875
0.8583984375
0.83642578125
0.830078125
0.81787109375
0.80517578125
0.82421875
0.8291015625
0.8310546875
0.83056640625
0.818359375
0.80322265625
0.82080078125
0.8134765625
0.8173828125
0.82177734375
0.828125
0.82666015625
0.8369140625
0.837890625
0.82568359375
0.830078125
0.8037109375
0.79345703125
0.79052734375
0.7744140625
0.7666015625
0.73974609375
0.7412109375
0.73828125
0.7548828125
0.7666015625
0.7900390625
0.791015625
0.77099609375
0.79150390625
0.79248046875
0.75634765625
0.76220703125
0.7802734375
0.79638671875
0.78173828125
0.76708984375
0.794921875
0.7802734375
0.8017578125
0.79736328125
0.78564453125
0.7919921875
0.78857421875
0.79345703125
0.798828125
0.83349609375
0.8115234375
0.80224609375
0.8212890625
0.82666015625
0.82373046875
0.82666015625
0.80810546875
0.80615234375
0.7802734375
0.77001953125
0.78125
0.7724609375
0.7587890625
0.76318359375
0.77685546875
0.77587890625
0.787109375
0.80615234375
0.79052734375
0.794921875
0.8134765625
0.80419921875
0.7802734375
0.76123046875
0.75537109375
0.76953125
0.76953125
0.74853515625
0.75341796875
0.7236328125
0.724609375
0.72998046875
0.732421875
0.72265625
0.72314453125
0.7314453125
0.7255859375
0.71337890625
0.763671875
0.7626953125
0.77294921875
0.72119140625
0.71435546875
0.72265625
0.7099609375
0.70263671875
0.67529296875
0.6826171875
0.69140625
0.68603515625
0.708984375
0.73193359375
0.71923828125
0.68896484375
0.7109375
0.71630859375
0.75
0.75341796875
0.73681640625
0.74072265625
0.73291015625
0.748046875
0.76171875
0.75048828125
0.7705078125
0.7958984375
0.7822265625
0.75
0.75439453125
0.7783203125
0.794921875
0.80908203125
0.8251953125
0.8212890625
0.83154296875
0.8515625
0.8330078125
0.84716796875
0.84716796875
0.84033203125
0.81591796875
0.80859375
0.8017578125
0.779296875
0.77197265625
0.77294921875
0.80859375
0.81201171875
0.80322265625
0.8291015625
0.80859375
0.80615234375
0.8056640625
0.7890625
0.79296875
0.79638671875
0.8203125
0.8115234375
0.818359375
0.8330078125
0.81884765625
0.81494140625
0.8056640625
0.77978515625
0.77197265625
0.78955078125
0.79443359375
0.814453125
0.8095703125
0.8359375
0.837890625
0.84130859375
0.8193359375
0.81103515625
0.81396484375
0.77587890625
0.828125
0.79541015625
0.80615234375
0.78857421875
0.80029296875
0.78515625
0.7802734375
0.77880859375
0.78369140625
0.79736328125
0.79638671875
0.79248046875
0.79541015625
0.77734375
0.78515625
0.7763671875
0.775390625
0.76513671875
0.7841796875
0.75
0.775390625
0.78955078125
0.79833984375
0.80029296875
0.78173828125
0.78515625
0.78271484375
0.78369140625
0.78662109375
0.7646484375
0.73095703125
0.705078125
0.693359375
0.7109375
0.7216796875
0.69091796875
0.6748046875
0.625
0.59716796875
0.6259765625
0.64404296875
0.64794921875
0.63623046875
0.64794921875
0.66064453125
0.64306640625
0.64990234375
0.64501953125
0.68505859375
0.70556640625
0.67724609375
0.67919921875
0.71337890625
0.71044921875
0.716796875
0.7158203125
0.71923828125
0.71240234375
0.70458984375
0.71142578125
0.7109375
0.72900390625
0.73193359375
0.73095703125
0.7373046875
0.74951171875
0.70654296875
0.734375
0.74267578125
0.6982421875
0.70166015625
0.7177734375
0.7177734375
0.74169921875
0.7353515625
0.72509765625
0.73193359375
0.7353515625
0.73095703125
0.72607421875
0.734375
0.72119140625
0.73095703125
0.7158203125
0.70703125
0.73193359375
0.74169921875
0.7119140625
0.71044921875
0.7099609375
0.7265625
0.71435546875
0.67529296875
0.693359375
0.712890625
0.6923828125
0.65625
0.6005859375
0.6064453125
0.6162109375
0.64892578125
0.64208984375
0.654296875
0.68994140625
0.73583984375
0.76611328125
0.7705078125
0.787109375
0.80029296875
0.80810546875
0.80224609375
0.81201171875
0.77734375
0.76416015625
0.74755859375
0.76416015625
0.7392578125
0.732421875
0.75146484375
0.76708984375
0.73876953125
0.740234375
0.7275390625
0.73388671875
0.72265625
0.72802734375
0.71533203125
0.72607421875
0.73974609375
0.736328125
0.7451171875
0.7197265625
0.7314453125
0.7236328125
0.73828125
0.748046875
0.7197265625
0.74267578125
0.7275390625
0.693359375
0.69921875
0.68896484375
0.69775390625
0.70556640625
0.68212890625
0.73046875
0.716796875
0.74560546875
0.740234375
0.7294921875
0.73876953125
0.74755859375
0.7431640625
0.76611328125
0.765625
0.7783203125
0.7998046875
0.787109375
0.7939453125
0.78466796875
0.794921875
0.7900390625
0.7939453125
0.78564453125
0.8076171875
0.787109375
0.7763671875
0.7783203125
0.7587890625
0.78125
0.7978515625
0.80322265625
0.80712890625
0.82568359375
0.83544921875
0.8349609375
0.82177734375
0.80126953125
0.82421875
0.79150390625
0.81884765625
0.81591796875
0.80615234375
0.80419921875
0.79150390625
0.78662109375
0.80029296875
0.80322265625
0.83935546875
0.8291015625
0.8173828125
0.81005859375
0.80322265625
0.81298828125
0.82470703125
0.78369140625
0.78466796875
0.78515625
0.79638671875
0.78955078125
0.78759765625
0.775390625
0.78466796875
0.79443359375
0.79345703125
0.80322265625
0.79638671875
0.7744140625
0.76318359375
0.75341796875
0.787109375
0.76025390625
0.7861328125
0.7900390625
0.77685546875
0.7724609375
0.75390625
0.73388671875
0.77392578125
0.76513671875
0.7880859375
0.7900390625
0.80029296875
0.818359375
0.78369140625
0.75439453125
0.79150390625
0.74609375
0.70751953125
0.70654296875
0.72119140625
0.70556640625
0.70263671875
0.69873046875
0.68896484375
0.64892578125
0.66552734375
0.708984375
0.72705078125
0.70849609375
0.72216796875
0.73583984375
0.7822265625
0.77099609375
0.79345703125
0.79736328125
0.79638671875
0.791015625
0.7607421875
0.771484375
0.783203125
0.7802734375
0.75634765625
0.75830078125
0.79248046875
0.81201171875
0.76806640625
0.7685546875
0.75732421875
0.7392578125
0.76171875
0.76025390625
0.77880859375
0.78759765625
0.78173828125
0.77294921875
0.7822265625
0.77197265625
0.775390625
0.7548828125
0.75927734375
0.7880859375
0.81103515625
0.8056640625
0.78173828125
0.80126953125
0.796875
0.796875
0.80322265625
0.78662109375
0.7802734375
0.79638671875
0.796875
0.791015625
0.80322265625
0.810546875
0.7998046875
0.79345703125
0.791015625
0.78271484375
0.77880859375
0.7724609375
0.783203125
0.771484375
0.78662109375
0.79541015625
0.77294921875
0.78466796875
0.77294921875
0.7783203125
0.76025390625
0.76611328125
0.775390625
0.7802734375
0.7783203125
0.783203125
0.763671875
0.7578125
0.74267578125
0.75244140625
0.73876953125
0.7841796875
0.75244140625
0.7333984375
0.73974609375
0.76123046875
0.79052734375
0.79931640625
0.79345703125
0.8076171875
0.79150390625
0.77880859375
0.76123046875
0.77197265625
0.7900390625
0.77685546875
0.7919921875
0.80126953125
0.8076171875
0.83154296875
0.81494140625
0.8046875
0.77783203125
0.796875
0.81787109375
0.83642578125
0.8134765625
0.79296875
0.8125
0.8212890625
0.79736328125
0.802734375
0.81591796875
0.8076171875
0.82958984375
0.86328125
0.82177734375
0.76123046875
0.72998046875
0.72802734375
0.72705078125
0.71044921875
0.7001953125
0.71875
0.740234375
0.72216796875
0.70361328125
0.712890625
0.7470703125
0.74560546875
0.78515625
0.7607421875
0.75
0.73046875
0.7578125
0.7509765625
0.765625
0.7841796875
0.798828125
0.7958984375
0.78125
0.76806640625
0.79443359375
0.79833984375
0.79931640625
0.7724609375
0.75439453125
0.7685546875
0.7841796875
0.8095703125
0.81298828125
0.814453125
0.77978515625
0.8037109375
0.8173828125
0.8193359375
0.8095703125
0.80615234375
0.77880859375
0.8115234375
0.8291015625
0.84130859375
0.802734375
0.8330078125
0.81591796875
0.81689453125
0.83642578125
0.80859375
0.798828125
0.79345703125
0.77001953125
0.79052734375
0.787109375
0.80712890625
0.78271484375
0.7861328125
0.794921875
0.8017578125
0.7880859375
0.82421875
0.8037109375
0.80224609375
0.80322265625
0.802734375
0.80615234375
0.75830078125
0.744140625
0.7392578125
0.76953125
0.7548828125
0.77001953125
0.8154296875
0.79150390625
0.84228515625
0.81201171875
0.78076171875
0.7744140625
0.78173828125
0.76513671875
0.77978515625
0.77392578125
0.7646484375
0.7734375
