0.6688
0.6552
0.652
0.6424
0.6344
0.6432
0.6128
0.656
0.6632
0.6488
0.6592
0.6928
0.7328
0.7616
0.7264
0.7016
0.7016
0.668
0.684
0.6856
0.6904
0.6928
0.6232
0.6528
0.6536
0.704
0.692
0.6904
0.6704
0.6456
0.7264
0.6952
0.7072
0.6792
0.6792
0.664
0.6608
0.6896
0.7296
0.7136
0.7072
0.6272
0.6384
0.6488
0.6776
0.6864
0.6712
0.6952
0.6968
0.6848
0.644
0.664
0.6568
0.6488
0.6664
0.6872
0.7
0.6456
0.6232
0.6096
0.556
0.572
0.6304
0.676
0.6784
0.704
0.7136
0.7016
0.6912
0.7368
0.7288
0.716
0.7464
0.768
0.768
0.7336
0.716
0.712
0.6768
0.6632
0.6544
0.6928
0.7328
0.8008
0.816
0.8048
0.836
0.824
0.8272
0.784
0.7808
0.7888
0.7248
0.6968
0.684
0.672
0.6984
0.6384
0.6432
0.6304
0.708
0.7032
0.708
0.6728
0.6976
0.712
0.7392
0.7496
0.7328
0.7032
0.6952
0.6952
0.728
0.7208
0.6736
0.6936
0.6872
0.68
0.6896
0.7072
0.7272
0.752
0.7312
0.724
0.7048
0.776
0.7872
0.788
0.772
0.7752
0.7456
0.7816
0.7656
0.724
0.7784
0.7744
0.8048
0.7952
0.768
0.7272
0.7064
0.7136
0.6912
0.656
0.6576
0.6432
0.6768
0.6608
0.5952
0.6224
0.6432
0.6208
0.648
0.6304
0.6432
0.6712
0.6856
0.6792
0.7288
0.6976
0.7288
0.6824
0.6952
0.7128
0.6736
0.6232
0.604
0.556
0.5832
0.576
0.6056
0.5864
0.592
0.6264
0.656
0.6832
0.672
0.6384
0.6248
0.6416
0.7432
0.7584
0.7376
0.7456
0.7816
0.7304
0.7192
0.7016
0.716
0.7504
0.716
0.7208
0.7112
0.6872
0.6736
0.6904
0.7264
0.7024
0.6856
0.6856
0.6432
0.6376
0.6304
0.6152
0.6016
0.5816
0.5704
0.5816
0.5616
0.5424
0.54
0.5776
0.6104
0.5992
0.5792
0.5912
0.5832
0.5592
0.5384
0.536
0.5888
0.5888
0.572
0.5712
0.5664
0.58
0.5512
0.5584
0.56
0.6248
0.6208
0.6368
0.6216
0.604
0.6032
0.6272
0.6632
0.6392
0.6736
0.6632
0.6792
0.6808
0.6424
0.6264
0.6376
0.6792
0.6792
0.6576
0.6592
0.6744
0.6344
0.6704
0.7056
0.6896
0.6752
0.712
0.6936
0.7208
0.7232
0.7152
0.6824
0.6864
0.6624
0.7408
0.7152
0.7216
0.7048
0.7432
0.724
0.7368
0.716
0.7304
0.7032
0.7096
0.7224
0.7296
0.72
0.708
0.7192
0.7232
0.7096
0.716
0.7248
0.7392
0.7336
0.7424
0.728
0.7224
0.7752
0.7376
0.7176
0.7456
0.7304
0.7544
0.7064
0.7048
0.672
0.6696
0.6864
0.6736
0.6728
0.6416
0.648
0.604
0.5872
0.5984
0.6136
0.6648
0.6728
0.72
0.712
0.7272
0.736
0.7432
0.7368
0.7336
0.7528
0.7416
0.6976
0.6848
0.66
0.6304
0.7048
0.6816
0.6592
0.6768
0.6728
0.6616
0.636
0.6384
0.6472
0.5944
0.5752
0.5512
0.5648
0.552
0.5232
0.4992
0.5248
0.5456
0.572
0.5976
0.6264
0.6408
0.724
0.7176
0.7184
0.7368
0.736
0.7152
0.7128
0.6576
0.6416
0.6528
0.6248
0.6424
0.644
0.6848
0.7192
0.692
0.7056
0.724
0.6736
0.6216
0.6064
0.6456
0.6296
0.648
0.6288
0.6192
0.6288
0.6392
0.6976
0.704
0.7264
0.6624
0.688
0.6728
0.6128
0.6256
0.6296
0.6648
0.6168
0.5984
0.6192
0.6192
0.6408
0.6416
0.6128
0.6048
0.5976
0.5728
0.5928
0.5792
0.6256
0.6472
0.6304
0.6344
0.628
0.6336
0.648
0.584
0.544
0.5512
0.5624
0.5072
0.4808
0.4288
0.4352
0.4496
0.4792
0.5392
0.5856
0.596
0.596
0.6272
0.6488
0.5944
0.616
0.6784
0.704
0.7216
0.6952
0.7008
0.6912
0.676
0.6552
0.692
0.6784
0.6544
0.6216
0.628
0.6208
0.624
0.6864
0.6704
0.7032
0.6632
0.6488
0.668
0.6624
0.676
0.6512
0.708
0.7592
0.7512
0.7504
0.7984
0.804
0.7968
0.7712
0.7208
0.7
0.728
0.7232
0.6864
0.6752
0.7088
0.6864
0.6808
0.6376
0.6624
0.7288
0.7472
0.716
0.7768
0.7648
0.7568
0.7152
0.664
0.612
0.624
0.624
0.6648
0.6688
0.6704
0.696
0.7064
0.6984
0.6872
0.6784
0.6816
0.7112
0.7032
0.7008
0.7016
0.7096
0.6512
0.6712
0.6712
0.6768
0.6632
0.6448
0.6736
0.696
0.6952
0.6968
0.6944
0.6856
0.7048
0.716
0.7208
0.7104
0.6792
0.7088
0.7024
0.6824
0.7144
0.7096
0.696
0.6528
0.7432
0.7088
0.7168
0.7264
0.7288
0.6672
0.6592
0.62
0.5968
0.5888
0.5312
0.5576
0.556
0.5312
0.5984
0.6248
0.608
0.6464
0.6632
0.7104
0.7
0.7432
0.7328
0.692
0.6432
0.7184
0.688
0.6544
0.6408
0.6424
0.5816
0.5768
0.5944
0.5648
0.564
0.5912
0.5168
0.4968
0.5008
0.5
0.5048
0.5064
0.4624
0.4464
0.508
0.48
0.4896
0.5296
0.5448
0.4984
0.4904
0.4792
0.4848
0.4832
0.5256
0.508
0.4984
0.5528
0.528
0.476
0.4
0.3864
0.3576
0.3528
0.3224
0.3128
0.324
0.3424
0.3304
0.4064
0.3984
0.3944
0.4152
0.4496
0.456
0.4648
0.488
0.492
0.5544
0.5552
0.5008
0.5288
0.548
0.5432
0.5992
0.5616
0.5
0.4992
0.452
0.5136
0.5096
0.4816
0.5304
0.592
0.5904
0.572
0.5664
0.5064
0.472
0.524
0.5432
0.5272
0.4856
0.5152
0.5296
0.604
0.5576
0.556
0.5784
0.5992
0.5768
0.6016
0.624
0.644
0.6568
0.656
0.6536
0.6744
0.6768
0.632
0.6408
0.6216
0.6552
0.6504
0.7296
0.7176
0.7584
0.7496
0.7744
0.7128
0.7128
0.7104
0.7168
0.7376
0.6976
0.704
0.7064
0.6992
0.7056
0.6784
0.6712
0.6936
0.6608
0.72
0.7224
0.7192
0.6936
0.7272
0.7232
0.704
0.6864
0.6896
0.652
0.5912
0.6312
0.6088
0.6248
0.632
0.6432
0.5864
0.5744
0.6096
0.5808
0.564
0.5328
0.6432
0.6144
0.5792
0.556
0.5808
0.5648
0.5584
0.5656
0.5456
0.5776
0.5712
0.612
0.5808
0.5736
0.5976
0.6464
0.6464
0.628
0.632
0.636
0.6008
0.5696
0.5992
0.5712
0.5752
0.548
0.6
0.596
0.5896
0.5912
0.6056
0.5696
0.552
0.4912
0.5608
0.536
0.5744
0.5744
0.5704
0.608
0.632
0.6336
0.62
0.6168
0.588
0.5888
0.5936
0.6112
0.6288
0.5688
0.5808
0.524
0.5704
0.6216
0.5984
0.6344
0.5952
0.5704
0.5784
0.5856
0.5472
0.5024
0.4536
0.4816
0.552
0.5616
0.5576
0.5224
0.544
0.5592
0.616
0.6272
0.6488
0.624
0.5504
0.5328
0.5312
0.5664
0.5728
0.544
0.5416
0.5648
0.5872
0.5688
0.5792
0.5888
0.6368
0.6584
0.6408
0.6696
0.708
0.6992
0.6744
0.7096
0.708
0.6824
0.6624
0.6784
0.7096
0.7112
0.6696
0.6608
0.676
0.68
0.6576
0.6208
0.6008
0.5736
0.556
0.5544
0.5464
0.5328
0.5696
0.5448
0.5872
0.5936
0.5768
0.5696
0.5544
0.536
0.4912
0.4944
0.468
0.4312
0.4608
0.4808
0.4856
0.492
0.4432
0.408
0.432
0.4128
0.3568
0.3768
0.3568
0.3352
0.352
0.388
0.3728
0.3528
0.3472
0.3336
0.3064
0.264
0.2496
0.212
0.2136
0.2496
0.2184
0.236
0.156
0.1784
0.1752
0.2048
0.2144
0.2304
0.2296
0.1952
0.2816
0.3264
0.3376
0.3176
0.3552
0.3736
0.344
0.36
0.3808
0.2968
0.3352
0.3448
0.3496
0.3256
0.3976
0.3984
0.3784
0.3808
0.3296
0.3304
0.3432
0.3312
0.3152
0.3064
0.2576
0.268
0.3568
0.3408
0.332
0.3192
0.3
0.3264
0.3584
0.2872
0.252
0.2352
0.2616
0.2056
0.1728
0.24
0.2904
0.2224
0.1936
0.2488
0.3032
0.2952
0.288
0.2944
0.2824
0.3248
0.308
0.3016
0.2776
0.2696
0.28
0.24
0.252
0.2928
0.268
0.2664
0.2584
0.2672
0.2888
0.276
0.2992
0.2584
0.2736
0.2464
0.24
0.2576
0.2736
0.2184
0.3168
0.3648
0.3728
0.3576
0.3192
0.3032
0.368
0.3384
0.3616
0.3552
0.3696
0.4128
0.44
0.4632
0.4464
0.4816
0.4888
0.4976
0.4872
0.4312
0.3848
0.3944
0.388
0.3448
0.3528
0.3584
0.3112
0.348
0.3456
0.3424
0.3792
0.4128
0.4616
0.4672
0.4552
0.4656
0.5336
0.5456
0.5824
0.604
0.5888
0.6184
0.6232
0.684
0.664
0.6888
0.6864
0.6392
0.5936
0.624
0.648
0.6488
0.6448
0.6392
0.6256
0.6032
0.5752
0.5728
0.5576
0.4912
0.5264
0.4824
0.4864
0.4968
0.5088
0.512
0.5512
0.5432
0.5168
0.5112
0.5032
0.5264
0.496
0.5008
0.4968
0.48
0.5088
0.4864
0.5064
0.536
0.5152
0.4992
0.4792
0.496
0.4992
0.488
0.4672
0.4432
0.4432
0.4296
0.452
0.4168
0.4312
0.4088
