0.8944
0.8776
0.8712
0.8592
0.8944
0.9032
0.8976
0.8816
0.8776
0.8632
0.8952
0.88
0.8848
0.8608
0.8736
0.8776
0.896
0.9008
0.9072
0.8824
0.864
0.8872
0.8848
0.8632
0.8704
0.8728
0.8744
0.8616
0.8448
0.8496
0.8536
0.852
0.8704
0.8512
0.8648
0.8256
0.828
0.8296
0.8424
0.8424
0.8712
0.8416
0.8536
0.8424
0.8784
0.864
0.8736
0.8792
0.8592
0.8824
0.8384
0.8736
0.9064
0.916
0.9248
0.9
0.8904
0.8856
0.8768
0.904
0.8984
0.896
0.8664
0.8864
0.8872
0.8832
0.8448
0.8608
0.8496
0.8424
0.8424
0.8632
0.8704
0.868
0.8472
0.8464
0.8664
0.8592
0.8616
0.8616
0.8752
0.8752
0.8656
0.8728
0.8424
0.8608
0.8704
0.8888
0.892
0.9
0.9168
0.932
0.9152
0.884
0.884
0.8752
0.8672
0.8728
0.896
0.8832
0.908
0.8944
0.8864
0.8736
0.884
0.8992
0.9024
0.888
0.8712
0.8584
0.8592
0.8744
0.8576
0.8536
0.8912
0.924
0.9056
0.9144
0.8872
0.8912
0.8952
0.8728
0.8896
0.8816
0.8624
0.8568
0.876
0.8728
0.8824
0.8712
0.8544
0.8424
0.8784
0.9136
0.8584
0.8896
0.9144
0.884
0.8576
0.8736
0.8864
0.8776
0.8728
0.9016
0.8792
0.9104
0.8984
0.9136
0.8808
0.8704
0.856
0.8808
0.86
0.8568
0.832
0.8256
0.9112
0.8976
0.8792
0.8872
0.8632
0.8264
0.8432
0.8656
0.8776
0.8712
0.8744
0.8744
0.8912
0.9168
0.8888
0.8976
0.88
0.8632
0.8736
0.8544
0.8144
0.8368
0.8224
0.824
0.8816
0.8608
0.86
0.8424
0.8208
0.84
0.832
0.8392
0.8864
0.8864
0.9096
0.8888
0.88
0.8736
0.8728
0.8936
0.908
0.872
0.8872
0.8904
0.9096
0.9032
0.8968
0.896
0.8776
0.8648
0.8664
0.8656
0.8952
0.888
0.9024
0.896
0.912
0.896
0.8944
0.8992
0.904
0.9024
0.9016
0.8992
0.9128
0.9168
0.9216
0.8952
0.8816
0.904
0.8744
0.8752
0.8768
0.9016
0.8912
0.8792
0.908
0.9112
0.9024
0.9
0.888
0.8976
0.8936
0.892
0.872
0.8664
0.8424
0.8184
0.844
0.868
0.8624
0.9024
0.8992
0.8896
0.8936
0.8832
0.8744
0.8448
0.876
0.8744
0.8896
0.8784
0.8888
0.888
0.8664
0.8848
0.8912
0.8744
0.8872
0.8688
0.8696
0.8744
0.884
0.8992
0.9136
0.9
0.8912
0.9016
0.8816
0.9016
0.9016
0.9216
0.892
0.8776
0.892
0.872
0.8552
0.8648
0.864
0.8656
0.8792
0.856
0.8736
0.8568
0.8336
0.84
0.828
0.8552
0.872
0.8744
0.8824
0.9072
0.9016
0.9088
0.9072
0.8872
0.872
0.8824
0.88
0.8752
0.8696
0.88
0.8608
0.8712
0.8408
0.8616
0.8768
0.8424
0.8936
0.872
0.8696
0.864
0.9032
0.9
0.8992
0.8568
0.8496
0.8648
0.868
0.864
0.8496
0.8664
0.8872
0.8888
0.8808
0.9024
0.9008
0.88
0.892
0.8752
0.8776
0.8464
0.8744
0.8568
0.8624
0.8464
0.8432
0.86
0.8296
0.8456
0.8472
0.8576
0.8752
0.8648
0.8712
0.8528
0.8624
0.8688
0.8784
0.8744
0.8536
0.8656
0.876
0.8704
0.8688
0.8776
0.8472
0.86
0.8688
0.8544
0.892
0.9128
0.912
0.9072
0.896
0.8848
0.8904
0.884
0.8928
0.9112
0.9072
0.8888
0.8816
0.9064
0.8816
0.8704
0.8856
0.876
0.884
0.8984
0.9176
0.9136
0.9176
0.8968
0.8632
0.8688
0.8888
0.88
0.856
0.8584
0.8344
0.8072
0.8416
0.864
0.8672
0.8552
0.844
0.8856
0.8936
0.8792
0.8664
0.8728
0.904
0.8832
0.8896
0.8928
0.8952
0.8808
0.888
0.8832
0.8984
0.8992
0.8976
0.9008
0.8824
0.868
0.9072
0.8992
0.876
0.8848
0.88
0.8824
0.88
0.8776
0.8624
0.8624
0.8752
0.8624
0.8736
0.8768
0.8928
0.8824
0.876
0.8336
0.8568
0.8592
0.8496
0.8712
0.8792
0.856
0.8584
0.8504
0.8688
0.8736
0.8688
0.8888
0.8656
0.892
0.9048
0.9008
0.88
0.8736
0.8848
0.9184
0.8824
0.8376
0.8568
0.8728
0.8848
0.9104
0.9096
0.9
0.8944
0.9112
0.9168
0.9032
0.8952
0.92
0.8944
0.8976
0.8976
0.8936
0.8936
0.9216
0.908
0.9048
0.8944
0.8792
0.876
0.8496
0.8384
0.8776
0.8672
0.8592
0.8512
0.848
0.8584
0.8776
0.86
0.8816
0.8616
0.8584
0.8696
0.8552
0.8752
0.8824
0.8584
0.8304
0.8272
0.8496
0.8544
0.86
0.8656
0.8424
0.8792
0.896
0.8944
0.8944
0.8952
0.9
0.9048
0.8936
0.8928
0.9032
0.8936
0.9008
0.88
0.8512
0.8592
0.8824
0.8792
0.8816
0.8936
0.8904
0.8888
0.8976
0.8736
0.8672
0.8888
0.896
0.8944
0.8976
0.9136
0.8728
0.8712
0.8928
0.8848
0.8776
0.892
0.9088
0.92
0.8904
0.9096
0.9016
0.8768
0.8616
0.8576
0.8776
0.888
0.8592
0.8792
0.9
0.88
0.888
0.8808
0.8752
0.8752
0.8896
0.8792
0.8832
0.8696
0.8768
0.8792
0.8936
0.8808
0.892
0.8888
0.8952
0.8792
0.8416
0.872
0.8736
0.84
0.836
0.8592
0.852
0.8616
0.8808
0.8704
0.8768
0.8664
0.888
0.8984
0.9328
0.916
0.9224
0.8848
0.9032
0.8832
0.8888
0.9064
0.8984
0.8816
0.8608
0.8976
0.8632
0.8504
0.8752
0.8824
0.8808
0.8552
0.8376
0.8432
0.8608
0.8576
0.8696
0.8552
0.9032
0.9024
0.8928
0.896
0.9048
0.9016
0.9152
0.9008
0.884
0.8768
0.8864
0.8768
0.8952
0.8824
0.9032
0.8584
0.8432
0.8672
0.8704
0.876
0.86
0.856
0.8576
0.848
0.8656
0.8912
0.896
0.8936
0.8984
0.8944
0.8944
0.8752
0.876
0.8592
0.8304
0.832
0.8464
0.8744
0.8336
0.8432
0.8696
0.8616
0.868
0.8936
0.892
0.8816
0.8472
0.8376
0.868
0.8824
0.856
0.8456
0.8288
0.852
0.832
0.8888
0.9008
0.908
0.8816
0.8864
0.8624
0.8432
0.8352
0.8336
0.8304
0.8152
0.816
0.8152
0.8456
0.8336
0.8392
0.8592
0.828
0.8504
0.8256
0.8336
0.8144
0.8152
0.8008
0.784
0.7768
0.792
0.8208
0.8432
0.88
0.888
0.8712
0.9024
0.9184
0.8656
0.8952
0.8712
0.8688
0.8512
0.8536
0.8696
0.8584
0.8576
0.8632
0.8232
0.8272
0.86
0.8608
0.8552
0.8728
0.8672
0.892
0.8944
0.9048
0.9024
0.8912
0.8656
0.848
0.8488
0.8624
0.8512
0.8672
0.8624
0.8672
0.8368
0.8624
0.8808
0.8648
0.8912
0.86
0.832
0.8568
0.8632
0.864
0.8792
0.8704
0.8728
0.8896
0.8912
0.8784
0.8712
0.8664
0.8488
0.8784
0.8472
0.8456
0.8592
0.8704
0.8552
0.832
0.836
0.8704
0.8736
0.888
0.8632
0.9032
0.8824
0.8848
0.8704
0.8736
0.8776
0.884
0.8712
0.8608
0.8376
0.8696
0.8728
0.8616
0.8696
0.8496
0.8752
0.852
0.8416
0.8416
0.812
0.8192
0.8592
0.8864
0.908
0.9008
0.8856
0.8616
0.8736
0.904
0.8952
0.8896
0.9048
0.912
0.9008
0.888
0.8952
0.9096
0.912
0.8864
0.8848
0.9024
0.8856
0.884
0.8888
0.848
0.8608
0.8696
0.8864
0.888
0.884
0.86
0.8728
0.8832
0.8632
0.8592
0.8784
0.8736
0.904
0.8832
0.8784
0.8936
0.872
0.8512
0.8592
0.8736
0.8568
0.8304
0.8584
0.8424
0.8632
0.8592
0.896
0.8872
0.892
0.868
0.8856
0.9056
0.9064
0.8824
0.8968
0.9
0.8984
0.8816
0.8944
0.876
0.8864
0.8688
0.8664
0.8688
0.8912
0.9192
0.9248
0.8864
0.8928
0.8992
0.8744
0.856
0.8312
0.8104
0.8448
0.8776
0.8536
0.8616
0.8544
0.8488
0.844
0.8488
0.8336
0.8296
0.8304
0.8312
0.8328
0.8536
0.8616
0.88
0.8712
0.8536
0.8592
0.8488
0.8712
0.8648
0.8672
0.8808
0.8688
0.8464
0.844
0.8696
0.8584
0.8648
0.8784
0.9184
0.9096
0.8768
0.8808
0.888
0.88
0.8736
0.9056
0.8968
0.8864
0.8712
0.892
0.8872
0.9016
0.8864
0.8432
0.8832
0.9008
0.8896
0.8736
0.8864
0.9016
0.8808
0.8904
0.8888
0.904
0.8864
0.8712
0.8824
0.9096
0.9064
0.8712
0.88
0.8808
0.876
0.8704
0.8672
0.88
0.8624
0.868
0.8936
0.8984
0.8696
0.8736
0.8744
0.8712
0.8904
0.8984
0.8736
0.9016
0.8784
0.9056
0.8856
0.8888
0.8896
0.9056
0.9016
0.8752
0.904
0.8984
0.8816
0.8904
0.896
0.9088
0.8984
0.876
0.8704
0.8792
0.8792
0.8928
0.8696
0.8904
0.8944
0.8992
0.9032
0.896
0.912
0.8856
0.8792
0.8904
0.8568
0.8512
0.8456
0.8632
0.8672
0.888
0.8768
0.8752
0.8704
0.852
0.884
0.868
0.8768
0.8992
0.8984
0.9208
0.9104
0.8904
0.8736
0.8616
0.8288
0.8272
0.8256
0.8448
0.824
0.8648
0.8592
