0.41162109375
0.37353515625
0.36572265625
0.37451171875
0.32177734375
0.375
0.35400390625
0.36181640625
0.359375
0.322265625
0.3515625
0.34130859375
0.31591796875
0.3408203125
0.34423828125
0.318359375
0.326171875
0.33740234375
0.35546875
0.38720703125
0.45263671875
0.453125
0.443359375
0.4384765625
0.41015625
0.41064453125
0.41552734375
0.37890625
0.3857421875
0.38134765625
0.3798828125
0.3828125
0.40966796875
0.40625
0.3876953125
0.40625
0.4716796875
0.4873046875
0.5244140625
0.52880859375
0.4794921875
0.447265625
0.47021484375
0.45458984375
0.43701171875
0.423828125
0.4365234375
0.4140625
0.3916015625
0.390625
0.3642578125
0.38037109375
0.380859375
0.39794921875
0.4013671875
0.41357421875
0.44287109375
0.388671875
0.38134765625
0.4091796875
0.34814453125
0.3642578125
0.41455078125
0.38232421875
0.3125
0.2451171875
0.25927734375
0.287109375
0.25732421875
0.22900390625
0.22998046875
0.23193359375
0.2060546875
0.17041015625
0.2373046875
0.24755859375
0.240234375
0.22021484375
0.2021484375
0.1845703125
0.22314453125
0.16162109375
0.14306640625
0.16064453125
0.13623046875
0.0791015625
0.09228515625
0.1201171875
0.1181640625
0.09619140625
0.0947265625
0.04052734375
0.001953125
0.01220703125
0.0107421875
0.064453125
0.080078125
0.0478515625
0.06640625
0.07080078125
0.015625
0.01513671875
0.02978515625
0.02490234375
0.013671875
0.01123046875
0.013671875
0.07177734375
0.0615234375
0.07568359375
0.10400390625
0.07568359375
0.0615234375
0.056640625
0.0
0.0185546875
0.0107421875
0.00146484375
0.025390625
0.0439453125
0.06103515625
0.05908203125
0.0048828125
0.015625
0.03076171875
0.05029296875
0.06005859375
0.0791015625
0.07275390625
0.07666015625
0.06640625
0.04296875
0.0703125
0.05712890625
0.1064453125
0.13916015625
0.12939453125
0.08544921875
0.10986328125
0.13037109375
0.09033203125
0.0751953125
0.072265625
0.01708984375
0.05859375
0.06591796875
0.0498046875
0.0400390625
0.08642578125
0.1005859375
0.0986328125
0.140625
0.14111328125
0.140625
0.1044921875
0.03271484375
0.02587890625
0.03759765625
0.00439453125
0.02587890625
0.00439453125
0.02880859375
0.0986328125
0.109375
0.10009765625
0.14990234375
0.14697265625
0.16455078125
0.16455078125
0.2041015625
0.1884765625
0.2080078125
0.18505859375
0.14208984375
0.1591796875
0.17236328125
0.19873046875
0.18115234375
0.14697265625
0.142578125
0.14013671875
0.13623046875
0.1474609375
0.166015625
0.177734375
0.21240234375
0.20556640625
0.19384765625
0.19189453125
0.17578125
0.14794921875
0.16748046875
0.15478515625
0.14697265625
0.15673828125
0.18017578125
0.17626953125
0.14697265625
0.13818359375
0.09912109375
0.13525390625
0.17333984375
0.15966796875
0.11669921875
0.09326171875
0.0966796875
0.07568359375
0.037109375
0.06884765625
0.0830078125
0.07275390625
0.10009765625
0.08740234375
0.07958984375
0.07470703125
0.10986328125
0.107421875
0.0927734375
0.1064453125
0.11181640625
0.1240234375
0.1513671875
0.146484375
0.11474609375
0.15966796875
0.15625
0.14404296875
0.169921875
0.16064453125
0.1640625
0.18359375
0.19775390625
0.1943359375
0.16748046875
0.1083984375
0.1044921875
0.0732421875
0.07421875
0.04150390625
0.0810546875
0.04833984375
0.04931640625
0.04443359375
0.01318359375
0.0341796875
0.02099609375
0.0224609375
0.0048828125
0.0126953125
0.0400390625
0.03173828125
0.05078125
0.0341796875
0.009765625
0.107421875
0.05126953125
0.02392578125
0.06005859375
0.06396484375
0.12109375
0.10107421875
0.1025390625
0.052734375
0.01513671875
0.04052734375
0.048828125
0.0517578125
0.06201171875
0.03955078125
0.080078125
0.083984375
0.05126953125
0.076171875
0.0595703125
0.04248046875
0.02001953125
0.00830078125
0.0146484375
0.0263671875
0.0361328125
0.06689453125
0.03662109375
0.0361328125
0.02294921875
0.05859375
0.07373046875
0.107421875
0.12939453125
0.13916015625
0.099609375
0.0966796875
0.01318359375
0.01416015625
0.01806640625
0.03564453125
0.0078125
0.00927734375
0.009765625
0.037109375
0.05078125
0.06982421875
0.09375
0.072265625
0.04443359375
0.0615234375
0.07275390625
0.109375
0.1025390625
0.08251953125
0.072265625
0.05908203125
0.0068359375
0.00341796875
0.017578125
0.033203125
0.0244140625
0.02099609375
0.03466796875
0.02783203125
0.052734375
0.0947265625
0.07080078125
0.091796875
0.1005859375
0.15185546875
0.1689453125
0.203125
0.185546875
0.15576171875
0.13720703125
0.1474609375
0.08837890625
0.09912109375
0.10107421875
0.08642578125
0.07421875
0.09033203125
0.1474609375
0.15087890625
0.1279296875
0.1162109375
0.06103515625
0.04345703125
0.021484375
0.02099609375
0.056640625
0.0673828125
0.0380859375
0.00390625
0.04931640625
0.02490234375
0.00732421875
0.02734375
0.04541015625
0.04296875
0.0029296875
0.03173828125
0.00244140625
0.01025390625
0.005859375
0.029296875
0.052734375
0.03564453125
0.05908203125
0.0615234375
0.046875
0.0048828125
0.01220703125
0.041015625
0.08740234375
0.0439453125
0.0390625
0.06640625
0.09619140625
0.0947265625
0.07861328125
0.06005859375
0.0927734375
0.13232421875
0.1220703125
0.1630859375
0.16259765625
0.15771484375
0.1923828125
0.2060546875
0.25341796875
0.208984375
0.1982421875
0.21728515625
0.1943359375
0.22265625
0.212890625
0.22802734375
0.2763671875
0.27294921875
0.2578125
0.2734375
0.28369140625
0.26025390625
0.259765625
0.29296875
0.27978515625
0.27880859375
0.32763671875
0.31005859375
0.32568359375
0.3505859375
0.33642578125
0.27880859375
0.22705078125
0.16552734375
0.15673828125
0.11865234375
0.13720703125
0.13134765625
0.1708984375
0.1689453125
0.1884765625
0.17724609375
0.16650390625
0.115234375
0.13134765625
0.169921875
0.1669921875
0.16015625
0.18359375
0.15380859375
0.16650390625
0.1708984375
0.16552734375
0.2060546875
0.24609375
0.25927734375
0.24365234375
0.2099609375
0.2021484375
0.18994140625
0.16845703125
0.1630859375
0.19287109375
0.1884765625
0.201171875
0.189453125
0.24267578125
0.24658203125
0.197265625
0.18359375
0.150390625
0.1396484375
0.1005859375
0.1337890625
0.080078125
0.0439453125
0.0244140625
0.03076171875
0.009765625
0.06494140625
0.0859375
0.1435546875
0.13720703125
0.1796875
0.1865234375
0.16162109375
0.14404296875
0.10107421875
0.05908203125
0.0546875
0.06884765625
0.06005859375
0.02001953125
0.00048828125
0.00390625
0.01171875
0.00537109375
0.03173828125
0.00537109375
0.0
0.0068359375
0.0185546875
0.00390625
0.00830078125
0.0400390625
0.06005859375
0.07421875
0.0888671875
0.03125
0.01513671875
0.0380859375
0.07080078125
0.03125
0.0390625
0.04052734375
0.05615234375
0.07568359375
0.08447265625
0.07666015625
0.04248046875
0.05029296875
0.0302734375
0.02294921875
0.01806640625
0.009765625
0.00341796875
0.0009765625
0.02392578125
0.0185546875
0.03369140625
0.00048828125
0.0048828125
0.02978515625
0.03173828125
0.0400390625
0.09130859375
0.1123046875
0.1083984375
0.08447265625
0.0419921875
0.005859375
0.015625
0.05029296875
0.01611328125
0.01171875
0.0146484375
0.02001953125
0.03125
0.01123046875
0.01953125
0.0625
0.0302734375
0.03515625
0.0078125
0.0361328125
0.04638671875
0.0712890625
0.04833984375
0.04052734375
0.05126953125
0.08056640625
0.0283203125
0.0390625
0.00439453125
0.00927734375
0.08984375
0.0517578125
0.02685546875
0.02001953125
0.08203125
0.07177734375
0.09619140625
0.1044921875
0.11328125
0.1455078125
0.13720703125
0.14501953125
0.140625
0.12548828125
0.20361328125
0.24658203125
0.23046875
0.234375
0.2001953125
0.22509765625
0.22607421875
0.2353515625
0.22509765625
0.2138671875
0.26123046875
0.2529296875
0.291015625
0.318359375
0.32763671875
0.296875
0.25
0.21923828125
0.2568359375
0.29443359375
0.30859375
0.34033203125
0.26416015625
0.28369140625
0.26318359375
0.28125
0.3046875
0.24462890625
0.251953125
0.244140625
0.275390625
0.24267578125
0.267578125
0.27734375
0.29931640625
0.29345703125
0.27294921875
0.2255859375
0.21630859375
0.21337890625
0.193359375
0.2470703125
0.24169921875
0.26025390625
0.27880859375
0.21875
0.197265625
0.22412109375
0.173828125
0.16845703125
0.19091796875
0.20556640625
0.21826171875
0.21142578125
0.22412109375
0.228515625
0.23779296875
0.24560546875
0.2392578125
0.2548828125
0.2265625
0.25830078125
0.25244140625
0.24951171875
0.255859375
0.26708984375
0.2802734375
0.2236328125
0.18408203125
0.212890625
0.21728515625
0.1787109375
0.1396484375
0.1005859375
0.1103515625
0.07080078125
0.09228515625
0.064453125
0.08056640625
0.06005859375
0.07861328125
0.09130859375
0.037109375
0.08056640625
0.05810546875
0.07470703125
0.09326171875
0.07666015625
0.0439453125
0.09814453125
0.0615234375
0.02099609375
0.0234375
0.01953125
0.06298828125
0.0283203125
0.0263671875
0.01123046875
0.03564453125
0.044921875
0.0205078125
0.041015625
0.08935546875
0.1083984375
0.0927734375
0.11328125
0.07275390625
0.10546875
0.16162109375
0.123046875
0.11083984375
0.11962890625
0.0751953125
0.072265625
0.0947265625
0.11572265625
0.14306640625
0.15234375
0.1806640625
0.193359375
0.23095703125
0.25634765625
0.26220703125
0.2705078125
0.232421875
0.20458984375
0.17333984375
0.205078125
0.18115234375
0.17724609375
0.220703125
0.2421875
0.27490234375
0.2216796875
0.18212890625
0.1884765625
0.14111328125
0.14013671875
0.10205078125
0.09814453125
0.115234375
0.13427734375
0.11474609375
0.1220703125
0.0751953125
0.05029296875
0.02001953125
0.01611328125
0.0244140625
0.03515625
0.08251953125
0.0615234375
0.05908203125
0.0625
0.005859375
0.0400390625
0.037109375
0.0634765625
0.06591796875
0.00390625
0.0068359375
0.05029296875
0.056640625
0.0869140625
0.11962890625
0.126953125
0.0947265625
0.09765625
0.1015625
0.09912109375
0.13427734375
0.13525390625
0.1650390625
0.1943359375
0.185546875
0.20849609375
0.15380859375
0.14501953125
0.18505859375
0.21240234375
0.24658203125
0.224609375
0.2607421875
0.248046875
0.23095703125
0.26708984375
0.30126953125
0.3154296875
0.31103515625
0.302734375
0.31396484375
0.3203125
0.31005859375
0.3095703125
0.30126953125
0.28369140625
0.29248046875
0.32275390625
0.3125
0.34228515625
0.33837890625
0.32470703125
0.34423828125
0.3720703125
0.3525390625
0.38037109375
0.3525390625
0.39404296875
0.37060546875
0.38623046875
0.40576171875
0.3876953125
0.384765625
0.35400390625
0.359375
0.4033203125
0.4248046875
0.474609375
0.482421875
0.5048828125
0.50537109375
0.4970703125
0.4775390625
0.4853515625
0.47314453125
0.47265625
0.4912109375
0.5166015625
0.5263671875
0.51025390625
0.51611328125
0.5048828125
0.53466796875
0.5380859375
0.50048828125
0.51416015625
0.50146484375
0.49755859375
0.47998046875
0.49755859375
0.49658203125
0.47900390625
0.49609375
0.4794921875
0.5205078125
0.5546875
0.5751953125
0.60205078125
0.5732421875
0.56103515625
0.5810546875
0.5703125
0.57470703125
0.48583984375
0.4970703125
0.53173828125
0.51904296875
0.55029296875
0.55224609375
0.54541015625
0.55810546875
0.58935546875
0.56298828125
0.5888671875
0.63134765625
0.6357421875
0.634765625
0.62109375
0.60888671875
0.5830078125
0.580078125
0.54443359375
0.51025390625
0.484375
0.49951171875
0.5146484375
0.5126953125
0.55078125
0.53955078125
0.505859375
0.4921875
0.501953125
0.4658203125
0.46484375
0.4716796875
0.4814453125
0.46875
0.44970703125
0.43994140625
0.45849609375
0.46533203125
0.48046875
0.50439453125
0.5029296875
0.53466796875
0.51416015625
0.51708984375
0.50244140625
0.513671875
0.51904296875
0.51123046875
0.48828125
0.48974609375
0.47802734375
0.50048828125
0.47509765625
0.46435546875
0.46875
0.419921875
0.39892578125
0.3720703125
0.3515625
0.37451171875
0.32958984375
0.39013671875
0.3935546875
0.40673828125
0.40478515625
0.384765625
0.40625
0.46142578125
0.47509765625
0.49560546875
0.50146484375
0.4814453125
0.51904296875
0.51904296875
0.4921875
0.513671875
0.47509765625
0.44482421875
0.4580078125
0.4130859375
0.3857421875
0.3427734375
0.32958984375
0.29345703125
0.2744140625
0.27978515625
0.29541015625
0.29150390625
0.32958984375
0.328125
0.26611328125
0.23828125
0.21435546875
0.23046875
0.28662109375
0.26416015625
0.318359375
0.2646484375
0.25341796875
0.2451171875
0.24755859375
0.2822265625
0.318359375
0.3046875
0.3046875
0.330078125
0.2841796875
0.27294921875
0.23486328125
0.2197265625
0.2314453125
0.1904296875
0.17529296875
0.1611328125
0.21044921875
0.25048828125
0.2548828125
0.35400390625
0.35986328125
0.3486328125
0.36376953125
0.3486328125
0.40771484375
0.38720703125
0.39501953125
0.39453125
0.42578125
0.431640625
0.43994140625
0.46435546875
0.4345703125
0.3779296875
0.3837890625
0.39892578125
0.40185546875
0.36181640625
0.3681640625
0.3408203125
0.3212890625
0.337890625
0.35498046875
0.34130859375
0.35009765625
0.34912109375
0.361328125
0.36474609375
0.38134765625
0.359375
0.3310546875
0.30029296875
0.32666015625
0.345703125
0.3681640625
0.455078125
0.52197265625
0.51611328125
0.50341796875
0.494140625
0.51953125
0.51416015625
0.51416015625
0.48779296875
0.49658203125
0.48681640625
0.5048828125
0.455078125
0.4765625
0.49365234375
0.44384765625
0.474609375
0.46337890625
0.4462890625
0.45751953125
0.49658203125
0.49951171875
0.46533203125
0.4443359375
0.46435546875
0.4931640625
0.45068359375
0.44677734375
0.4658203125
0.4951171875
0.5537109375
0.5185546875
0.49267578125
0.47802734375
0.47021484375
0.48583984375
0.498046875
0.48583984375
