0.3603515625
0.36474609375
0.3330078125
0.39111328125
0.37890625
0.3623046875
0.3212890625
0.3544921875
0.34716796875
0.3486328125
0.35693359375
0.3271484375
0.35791015625
0.38525390625
0.392578125
0.37109375
0.38818359375
0.39697265625
0.4482421875
0.4384765625
0.462890625
0.46484375
0.4765625
0.45751953125
0.4541015625
0.451171875
0.42822265625
0.44970703125
0.43017578125
0.44970703125
0.48388671875
0.4541015625
0.44580078125
0.44775390625
0.43603515625
0.4033203125
0.41357421875
0.40380859375
0.4013671875
0.37158203125
0.361328125
0.345703125
0.37353515625
0.35302734375
0.38525390625
0.39599609375
0.3564453125
0.35595703125
0.3740234375
0.3837890625
0.38232421875
0.33056640625
0.34033203125
0.28466796875
0.2734375
0.24755859375
0.2158203125
0.20166015625
0.2431640625
0.2275390625
0.1845703125
0.22216796875
0.23974609375
0.23486328125
0.2587890625
0.267578125
0.30029296875
0.27490234375
0.27197265625
0.24951171875
0.26953125
0.24609375
0.25732421875
0.26416015625
0.2431640625
0.21826171875
0.21142578125
0.21533203125
0.22802734375
0.203125
0.16748046875
0.1884765625
0.1826171875
0.185546875
0.17333984375
0.1328125
0.140625
0.1474609375
0.1572265625
0.14990234375
0.17626953125
0.14013671875
0.15869140625
0.13037109375
0.13232421875
0.083984375
0.060546875
0.04541015625
0.01318359375
0.04931640625
0.10595703125
0.12841796875
0.091796875
0.109375
0.05029296875
0.0751953125
0.07958984375
0.06201171875
0.07568359375
0.017578125
0.0478515625
0.0107421875
0.04150390625
0.06103515625
0.04150390625
0.08447265625
0.078125
0.0322265625
0.0302734375
0.04638671875
0.01416015625
0.01123046875
0.015625
0.00927734375
0.01611328125
0.03662109375
0.0625
0.064453125
0.04248046875
0.05078125
0.10107421875
0.12939453125
0.158203125
0.1875
0.2236328125
0.23681640625
0.24853515625
0.23095703125
0.25732421875
0.22314453125
0.1865234375
0.16552734375
0.189453125
0.1806640625
0.162109375
0.16845703125
0.18505859375
0.1923828125
0.181640625
0.1552734375
0.1787109375
0.17041015625
0.15478515625
0.1767578125
0.185546875
0.16796875
0.11962890625
0.13427734375
0.166015625
0.115234375
0.06787109375
0.05322265625
0.09912109375
0.07421875
0.0966796875
0.12744140625
0.11279296875
0.1171875
0.150390625
0.15673828125
0.17333984375
0.10986328125
0.1416015625
0.12109375
0.10986328125
0.099609375
0.07861328125
0.08349609375
0.07373046875
0.02099609375
0.0283203125
0.03955078125
0.05224609375
0.052734375
0.017578125
0.0087890625
0.009765625
0.0087890625
0.0107421875
0.044921875
0.03759765625
0.05126953125
0.013671875
0.0029296875
0.001953125
0.046875
0.0361328125
0.0302734375
0.01123046875
0.01416015625
0.00390625
0.02783203125
0.01513671875
0.0244140625
0.00048828125
0.00634765625
0.02685546875
0.033203125
0.04150390625
0.01708984375
0.0
0.01953125
0.06689453125
0.0458984375
0.009765625
0.0126953125
0.06396484375
0.06494140625
0.0361328125
0.06640625
0.07666015625
0.07666015625
0.07958984375
0.0927734375
0.06689453125
0.09033203125
0.060546875
0.087890625
0.08984375
0.11181640625
0.10009765625
0.103515625
0.0849609375
0.08203125
0.08203125
0.0869140625
0.04150390625
0.01318359375
0.0546875
0.04833984375
0.0654296875
0.0849609375
0.04296875
0.1015625
0.13671875
0.16162109375
0.1416015625
0.12158203125
0.13330078125
0.146484375
0.142578125
0.1298828125
0.1494140625
0.1748046875
0.154296875
0.11767578125
0.119140625
0.15478515625
0.140625
0.1357421875
0.13525390625
0.1455078125
0.1005859375
0.1474609375
0.1201171875
0.162109375
0.1689453125
0.14013671875
0.10107421875
0.1259765625
0.1328125
0.12255859375
0.12353515625
0.1640625
0.1845703125
0.19873046875
0.23583984375
0.21630859375
0.205078125
0.23388671875
0.2021484375
0.21240234375
0.23095703125
0.2275390625
0.2109375
0.25927734375
0.22900390625
0.17822265625
0.18408203125
0.23193359375
0.197265625
0.1845703125
0.19091796875
0.1884765625
0.17138671875
0.12060546875
0.1611328125
0.14453125
0.11376953125
0.06005859375
0.09326171875
0.083984375
0.07763671875
0.107421875
0.1533203125
0.18017578125
0.193359375
0.19091796875
0.2353515625
0.22607421875
0.23681640625
0.24755859375
0.224609375
0.1904296875
0.18603515625
0.20703125
0.2060546875
0.19921875
0.20263671875
0.169921875
0.1591796875
0.1845703125
0.1728515625
0.1279296875
0.13330078125
0.13671875
0.0869140625
0.09716796875
0.1142578125
0.16748046875
0.16015625
0.15234375
0.189453125
0.19775390625
0.20751953125
0.18603515625
0.11865234375
0.10302734375
0.14013671875
0.171875
0.17236328125
0.17333984375
0.16943359375
0.16650390625
0.14404296875
0.1572265625
0.16015625
0.1552734375
0.17578125
0.23388671875
0.22802734375
0.1962890625
0.22216796875
0.2080078125
0.1767578125
0.15380859375
0.20556640625
0.201171875
0.212890625
0.228515625
0.22998046875
0.30126953125
0.322265625
0.3154296875
0.31298828125
0.34228515625
0.37841796875
0.3486328125
0.3125
0.33203125
0.3662109375
0.38427734375
0.3408203125
0.357421875
0.30419921875
0.314453125
0.328125
0.34521484375
0.33349609375
0.3525390625
0.38232421875
0.359375
0.37109375
0.3369140625
0.34423828125
0.375
0.3466796875
0.3779296875
0.419921875
0.42138671875
0.431640625
0.44482421875
0.42919921875
0.4521484375
0.46875
0.46142578125
0.44189453125
0.43115234375
0.380859375
0.33251953125
0.35791015625
0.365234375
0.31884765625
0.35498046875
0.33251953125
0.30615234375
0.30419921875
0.28125
0.2431640625
0.24658203125
0.24951171875
0.26025390625
0.24609375
0.24462890625
0.27099609375
0.28369140625
0.2890625
0.27880859375
0.3056640625
0.31591796875
0.287109375
0.2763671875
0.28466796875
0.2958984375
0.27001953125
0.26806640625
0.2841796875
0.298828125
0.3232421875
0.35107421875
0.3388671875
0.28125
0.30712890625
0.2841796875
0.29443359375
0.27392578125
0.2685546875
0.2568359375
0.2216796875
0.216796875
0.17919921875
0.19775390625
0.19482421875
0.21240234375
0.21630859375
0.21484375
0.19384765625
0.1748046875
0.19921875
0.2109375
0.20751953125
0.224609375
0.2666015625
0.21875
0.19482421875
0.23388671875
0.2080078125
0.2060546875
0.220703125
0.23974609375
0.26220703125
0.21533203125
0.22265625
0.220703125
0.2109375
0.21923828125
0.18359375
0.1650390625
0.107421875
0.11474609375
0.1279296875
0.138671875
0.10693359375
0.10888671875
0.11865234375
0.10400390625
0.09765625
0.134765625
0.13037109375
0.13818359375
0.14208984375
0.13525390625
0.12255859375
0.1484375
0.1572265625
0.138671875
0.134765625
0.18115234375
0.162109375
0.1845703125
0.22509765625
0.2119140625
0.2451171875
0.23583984375
0.2177734375
0.23046875
0.234375
0.26806640625
0.26318359375
0.265625
0.26806640625
0.27734375
0.25830078125
0.283203125
0.30615234375
0.29296875
0.3134765625
0.32177734375
0.34423828125
0.322265625
0.34912109375
0.3662109375
0.353515625
0.30224609375
0.25390625
0.25732421875
0.25537109375
0.29052734375
0.3134765625
0.33251953125
0.31396484375
0.3173828125
0.34033203125
0.3447265625
0.39453125
0.44921875
0.46484375
0.494140625
0.48291015625
0.4921875
0.4736328125
0.4287109375
0.380859375
0.353515625
0.3505859375
0.3369140625
0.3251953125
0.3173828125
0.31982421875
0.34619140625
0.37158203125
0.37548828125
0.40185546875
0.36865234375
0.380859375
0.3916015625
0.40234375
0.390625
0.439453125
0.4228515625
0.48291015625
0.44140625
0.45068359375
0.43359375
0.42138671875
0.466796875
0.42822265625
0.43359375
0.44921875
0.4033203125
0.41064453125
0.39111328125
0.41357421875
0.416015625
0.43017578125
0.44189453125
0.4462890625
0.43115234375
0.3994140625
0.4052734375
0.41064453125
0.41650390625
0.4228515625
0.4443359375
0.47607421875
0.43994140625
0.4541015625
0.4541015625
0.42431640625
0.4541015625
0.4697265625
0.4501953125
0.431640625
0.47509765625
0.45947265625
0.43212890625
0.4619140625
0.427734375
0.44140625
0.4375
0.4052734375
0.38232421875
0.36865234375
0.34912109375
0.3525390625
0.37890625
0.36279296875
0.392578125
0.39990234375
0.40576171875
0.40966796875
0.4521484375
0.447265625
0.458984375
0.46044921875
0.4453125
0.48779296875
0.4951171875
0.49560546875
0.51513671875
0.52978515625
0.52001953125
0.505859375
0.56591796875
0.5556640625
0.56787109375
0.54931640625
0.54931640625
0.5234375
0.49365234375
0.53955078125
0.51513671875
0.50341796875
0.51123046875
0.5126953125
0.50341796875
0.48095703125
0.4638671875
0.482421875
0.466796875
0.482421875
0.474609375
0.47314453125
0.43798828125
0.47119140625
0.421875
0.44580078125
0.4951171875
0.50390625
0.45361328125
0.44873046875
0.47265625
0.48095703125
0.45068359375
0.4677734375
0.48583984375
0.47607421875
0.48974609375
0.48046875
0.46484375
0.423828125
0.41943359375
0.4619140625
0.4462890625
0.43310546875
0.45556640625
0.44091796875
0.4423828125
0.4111328125
0.44775390625
0.4375
0.447265625
0.400390625
0.39892578125
0.4013671875
0.4130859375
0.41748046875
0.35009765625
0.341796875
0.3193359375
0.37255859375
0.3427734375
0.33642578125
0.37548828125
0.41259765625
0.39453125
0.38916015625
0.41259765625
0.4296875
0.431640625
0.44189453125
0.39697265625
0.4345703125
0.4423828125
0.47509765625
0.4482421875
0.4619140625
0.44189453125
0.4189453125
0.4658203125
0.47998046875
0.515625
0.47509765625
0.43798828125
0.43212890625
0.4638671875
0.4775390625
0.451171875
0.4287109375
0.39892578125
0.39599609375
0.4326171875
0.49462890625
0.51123046875
0.52685546875
0.490234375
0.4921875
0.435546875
0.4658203125
0.4541015625
0.49072265625
0.490234375
0.49462890625
0.490234375
0.5048828125
0.49609375
0.51025390625
0.52294921875
0.55615234375
0.56201171875
0.5634765625
0.5498046875
0.51708984375
0.48291015625
0.47412109375
0.451171875
0.43017578125
0.4072265625
0.4248046875
0.40380859375
0.435546875
0.4853515625
0.4638671875
0.49365234375
0.51220703125
0.48583984375
0.4580078125
0.44384765625
0.46044921875
0.47802734375
0.4326171875
0.43603515625
0.46142578125
0.4658203125
0.45849609375
0.46728515625
0.4541015625
0.45068359375
0.44140625
0.43408203125
0.4326171875
0.40869140625
0.45849609375
0.46630859375
0.48876953125
0.4814453125
0.49560546875
0.5166015625
0.5126953125
0.498046875
0.51416015625
0.52294921875
0.537109375
0.51416015625
0.4951171875
0.50634765625
0.49658203125
0.49072265625
0.48974609375
0.4677734375
0.46044921875
0.505859375
0.50927734375
0.5263671875
0.49853515625
0.470703125
0.46484375
0.4619140625
0.4091796875
0.47119140625
0.5390625
0.5322265625
0.54541015625
0.53076171875
0.54150390625
0.548828125
0.54296875
0.54833984375
0.5283203125
0.51806640625
0.50537109375
0.51953125
0.53515625
0.5556640625
0.5810546875
0.6259765625
0.6494140625
0.6767578125
0.7001953125
0.67333984375
0.66455078125
0.6884765625
0.70263671875
0.685546875
0.66259765625
0.6474609375
0.66650390625
0.6552734375
0.68701171875
0.7001953125
0.68359375
0.658203125
0.6591796875
0.59765625
0.59326171875
0.6337890625
0.63232421875
0.63671875
0.6298828125
0.638671875
0.62255859375
0.61767578125
0.66845703125
0.671875
0.6982421875
0.69580078125
0.697265625
0.65380859375
0.6796875
0.6904296875
0.7060546875
0.71484375
0.6962890625
0.72265625
0.73095703125
0.76953125
0.74267578125
0.7294921875
0.724609375
0.71875
0.73046875
0.76806640625
0.76318359375
0.7412109375
0.75634765625
0.716796875
0.65380859375
0.6328125
0.6552734375
0.64404296875
0.6494140625
0.650390625
0.6328125
0.6220703125
0.630859375
0.6337890625
0.615234375
0.59326171875
0.5830078125
0.556640625
0.56298828125
0.5615234375
0.59375
0.583984375
0.59033203125
0.61376953125
0.59765625
0.6357421875
0.65966796875
0.666015625
0.66845703125
0.6474609375
0.66259765625
0.63720703125
0.62353515625
0.6455078125
0.61083984375
0.59619140625
0.5888671875
0.58544921875
0.5712890625
0.61181640625
0.62353515625
0.60205078125
0.6298828125
0.62548828125
0.62353515625
0.6201171875
0.58251953125
0.5947265625
0.5771484375
0.56103515625
0.5263671875
0.5576171875
0.54443359375
0.51806640625
0.51171875
0.48486328125
0.4443359375
0.41796875
0.39501953125
0.41015625
0.3896484375
0.34619140625
0.3193359375
0.28125
0.25927734375
0.30615234375
0.31005859375
0.3076171875
0.3173828125
0.3212890625
0.28271484375
0.24658203125
0.1943359375
0.18896484375
0.1767578125
0.15087890625
0.16015625
0.13427734375
0.1025390625
0.10595703125
0.1357421875
0.15771484375
0.15576171875
0.1298828125
0.11328125
0.12109375
0.1748046875
0.1748046875
0.1796875
0.1748046875
0.15673828125
0.1904296875
0.21435546875
0.2578125
0.240234375
0.24365234375
0.2734375
0.265625
0.26611328125
0.28125
0.2431640625
0.20556640625
0.2333984375
0.2275390625
0.263671875
0.2451171875
0.2763671875
0.23779296875
0.22265625
0.1962890625
0.18505859375
0.15185546875
0.14111328125
0.14794921875
0.14794921875
0.15185546875
0.16015625
0.1787109375
0.14990234375
0.177734375
0.14501953125
0.10107421875
0.0625
0.02978515625
0.01318359375
0.00341796875
0.02294921875
0.0615234375
0.07861328125
0.09375
0.0927734375
0.0849609375
0.123046875
0.1591796875
0.18896484375
0.17578125
0.1533203125
0.1494140625
0.1591796875
0.162109375
0.13134765625
0.15283203125
0.13330078125
0.12646484375
0.1435546875
0.16162109375
0.1298828125
0.146484375
0.13037109375
0.1552734375
0.14501953125
0.142578125
0.16552734375
0.208984375
0.2392578125
0.26806640625
0.26513671875
0.28369140625
