0.8592
0.8056
0.7992
0.832
0.8624
0.8568
0.9
0.8872
0.86
0.8824
0.8512
0.8464
0.8456
0.8208
0.8256
0.8648
0.8864
0.824
0.836
0.8536
0.8592
0.8392
0.8456
0.8728
0.84
0.84
0.8224
0.8416
0.8368
0.8456
0.864
0.8432
0.8712
0.8736
0.8432
0.86
0.8576
0.804
0.7888
0.7624
0.7672
0.8072
0.8288
0.8088
0.8424
0.8584
0.8624
0.8408
0.8832
0.9008
0.8616
0.8368
0.8432
0.8592
0.8384
0.8648
0.864
0.8256
0.8344
0.8472
0.8424
0.852
0.8584
0.86
0.8232
0.8432
0.8472
0.8216
0.8168
0.8704
0.8776
0.8616
0.8768
0.8672
0.8608
0.8632
0.844
0.8456
0.8336
0.832
0.8096
0.8264
0.8552
0.8632
0.8864
0.8896
0.8648
0.8664
0.8536
0.8408
0.8512
0.828
0.852
0.8216
0.824
0.8456
0.8184
0.8056
0.8504
0.844
0.784
0.7816
0.796
0.8112
0.8016
0.8144
0.7896
0.7952
0.8176
0.82
0.7912
0.8016
0.816
0.8008
0.8168
0.8216
0.8232
0.8176
0.8048
0.8416
0.852
0.8656
0.844
0.8288
0.8224
0.7824
0.784
0.816
0.8088
0.7904
0.8096
0.8168
0.796
0.7904
0.832
0.7824
0.7344
0.7616
0.7928
0.8016
0.82
0.856
0.8456
0.8336
0.8176
0.8344
0.8176
0.8176
0.848
0.856
0.8576
0.8608
0.8656
0.8376
0.8256
0.8432
0.8576
0.8392
0.844
0.8456
0.824
0.8144
0.8136
0.7704
0.752
0.7488
0.736
0.7368
0.7576
0.7608
0.7736
0.8088
0.8096
0.84
0.852
0.844
0.832
0.7816
0.772
0.7792
0.7744
0.7624
0.8408
0.8424
0.8672
0.8544
0.8328
0.8328
0.8568
0.8728
0.8488
0.8104
0.8136
0.8144
0.8216
0.8384
0.8288
0.816
0.8728
0.8672
0.8704
0.8488
0.8616
0.844
0.8408
0.8512
0.8432
0.8416
0.8464
0.8488
0.8648
0.904
0.8912
0.8784
0.8648
0.8944
0.8824
0.8528
0.8608
0.8728
0.8744
0.8784
0.856
0.8496
0.8368
0.8512
0.8232
0.8224
0.836
0.8264
0.8632
0.824
0.852
0.8568
0.8408
0.8232
0.8192
0.8136
0.832
0.8584
0.8736
0.8528
0.8504
0.8472
0.8472
0.8304
0.8328
0.8528
0.8616
0.868
0.848
0.8576
0.8584
0.884
0.8544
0.8752
0.9112
0.8792
0.856
0.8584
0.8504
0.8688
0.8792
0.8712
0.836
0.8152
0.82
0.8456
0.7944
0.8208
0.8072
0.8176
0.8184
0.8216
0.856
0.8512
0.888
0.8632
0.8528
0.8448
0.8544
0.8416
0.832
0.84
0.8616
0.8632
0.8776
0.9048
0.8808
0.8744
0.8504
0.82
0.8312
0.8136
0.8448
0.8448
0.8296
0.8376
0.832
0.8672
0.8488
0.8424
0.8408
0.8216
0.7968
0.7832
0.7736
0.7944
0.8168
0.8728
0.868
0.8184
0.828
0.812
0.7976
0.7992
0.836
0.836
0.8464
0.8584
0.8624
0.8576
0.8984
0.8856
0.8992
0.8608
0.8416
0.8784
0.8696
0.8536
0.8248
0.8296
0.82
0.8312
0.8536
0.852
0.8408
0.7776
0.7984
0.8208
0.8576
0.868
0.836
0.8936
0.8936
0.8816
0.8616
0.8216
0.8264
0.8544
0.8344
0.8328
0.8456
0.8408
0.8288
0.8592
0.8336
0.8112
0.832
0.8328
0.8536
0.8328
0.8472
0.8416
0.8256
0.8456
0.8472
0.8424
0.8576
0.86
0.86
0.8424
0.8432
0.8088
0.804
0.8696
0.8816
0.8744
0.8728
0.856
0.8432
0.8408
0.8368
0.8336
0.8216
0.8304
0.84
0.844
0.844
0.8176
0.8544
0.8184
0.8024
0.7832
0.764
0.8032
0.8464
0.8504
0.8592
0.8472
0.8576
0.8384
0.8344
0.856
0.8608
0.8592
0.8528
0.8144
0.8224
0.8024
0.8336
0.828
0.8144
0.8488
0.8064
0.7888
0.8272
0.8128
0.8032
0.7856
0.78
0.796
0.8312
0.8024
0.788
0.7968
0.7808
0.7784
0.8048
0.776
0.7136
0.788
0.8168
0.7848
0.7768
0.7984
0.792
0.8248
0.7936
0.7992
0.8256
0.8032
0.8296
0.84
0.8336
0.8152
0.8288
0.8112
0.852
0.8736
0.8536
0.8384
0.872
0.8552
0.8424
0.8368
0.856
0.8752
0.8264
0.8304
0.8632
0.848
0.8456
0.8336
0.8272
0.8248
0.812
0.8168
0.7848
0.852
0.8344
0.8304
0.8304
0.8336
0.7968
0.7896
0.8496
0.832
0.8088
0.8
0.8032
0.8104
0.7968
0.7968
0.7888
0.7952
0.7848
0.7776
0.7256
0.7672
0.8008
0.836
0.7992
0.7976
0.844
0.8088
0.82
0.812
0.8264
0.8712
0.8544
0.8576
0.8496
0.8904
0.8344
0.8288
0.8248
0.8168
0.8504
0.8664
0.8728
0.8536
0.82
0.844
0.8384
0.7888
0.8264
0.8456
0.8608
0.8432
0.872
0.8512
0.8256
0.8568
0.8448
0.8536
0.8464
0.8392
0.8528
0.844
0.8568
0.8416
0.8344
0.8448
0.8576
0.8944
0.8632
0.8584
0.836
0.8656
0.8712
0.888
0.8536
0.844
0.8296
0.8368
0.8472
0.8592
0.8632
0.884
0.8672
0.8672
0.884
0.8952
0.8776
0.8648
0.8736
0.844
0.8408
0.8576
0.86
0.8592
0.848
0.86
0.8704
0.8872
0.8608
0.8144
0.8424
0.8744
0.8752
0.8736
0.8736
0.8192
0.8064
0.8464
0.836
0.8192
0.8
0.792
0.8064
0.7688
0.8208
0.8264
0.8112
0.808
0.8472
0.8688
0.8424
0.8424
0.8632
0.8688
0.844
0.8528
0.8272
0.8424
0.8456
0.8408
0.7936
0.8272
0.8432
0.8264
0.8096
0.764
0.7648
0.7992
0.8192
0.8456
0.8576
0.8592
0.8656
0.848
0.8376
0.8136
0.8376
0.8312
0.816
0.7992
0.7664
0.7952
0.8008
0.8168
0.816
0.8192
0.8592
0.848
0.8488
0.8432
0.8224
0.8224
0.7984
0.8224
0.8128
0.8128
0.7944
0.7816
0.788
0.7208
0.6856
0.6816
0.6232
0.6424
0.6472
0.708
0.7424
0.7472
0.7504
0.736
0.7704
0.78
0.7736
0.764
0.7616
0.7248
0.7248
0.76
0.7792
0.7688
0.7688
0.7888
0.7776
0.7904
0.784
0.7624
0.7672
0.7656
0.7712
0.7632
0.7808
0.78
0.7992
0.8024
0.8104
0.8496
0.8512
0.8616
0.8296
0.8288
0.8248
0.7904
0.7784
0.7616
0.7816
0.744
0.7776
0.8224
0.8216
0.788
0.7488
0.8104
0.8232
0.8
0.8088
0.8008
0.808
0.8304
0.8136
0.8264
0.7984
0.8168
0.8144
0.8136
0.8328
0.8208
0.8072
0.8112
0.8232
0.844
0.864
0.8376
0.8552
0.8488
0.8512
0.8184
0.8656
0.8624
0.8552
0.8568
0.852
0.832
0.8136
0.8472
0.8736
0.8648
0.8328
0.8296
0.8672
0.8336
0.8336
0.8448
0.856
0.8304
0.8512
0.8704
0.8848
0.872
0.8896
0.8528
0.8616
0.8704
0.8752
0.8832
0.8904
0.8648
0.8816
0.852
0.8872
0.8592
0.8488
0.864
0.8456
0.8568
0.8352
0.8312
0.8408
0.8768
0.876
0.8632
0.8488
0.8576
0.8064
0.816
0.8112
0.8208
0.796
0.7872
0.8048
0.8328
0.872
0.8808
0.8472
0.844
0.8184
0.8
0.8
0.7912
0.7736
0.7896
0.784
0.772
0.7608
0.7656
0.7768
0.7816
0.7424
0.7352
0.7272
0.6728
0.6472
0.6672
0.6592
0.6672
0.6504
0.6728
0.6792
0.6968
0.6872
0.6976
0.7176
0.7064
0.7264
0.7048
0.7216
0.7256
0.736
0.7448
0.7392
0.7824
0.8016
0.7776
0.7784
0.7904
0.8208
0.788
0.7824
0.792
0.8032
0.8072
0.7976
0.7784
0.7672
0.7712
0.7424
0.768
0.7944
0.7536
0.7432
0.7376
0.764
0.7912
0.7896
0.776
0.7776
0.7888
0.8168
0.8192
0.8208
0.8272
0.86
0.896
0.8696
0.852
0.872
0.8208
0.8392
0.8304
0.8712
0.8632
0.8376
0.832
0.8248
0.8144
0.8536
0.848
0.8496
0.8568
0.8448
0.8048
0.8216
0.7936
0.8256
0.872
0.8848
0.896
0.888
0.8688
0.8616
0.8608
0.864
0.8536
0.8528
0.8672
0.8784
0.8768
0.8504
0.8392
0.876
0.8784
0.8712
0.8536
0.8768
0.8752
0.848
0.852
0.8792
0.868
0.844
0.8248
0.8064
0.8384
0.8368
0.8328
0.8664
0.8808
0.868
0.8688
0.8456
0.8552
0.832
0.8512
0.8248
0.8272
0.8296
0.8304
0.8064
0.8192
0.8184
0.8296
0.8056
0.8136
0.7848
0.8136
0.8376
0.8424
0.856
0.8248
0.8112
0.8256
0.8432
0.8424
0.804
0.8088
0.8168
0.8176
0.8168
0.8584
0.868
0.8312
0.8552
0.8384
0.8144
0.8264
0.8264
0.86
0.8472
0.828
0.8536
0.8592
0.8504
0.8928
0.8752
0.8752
0.8696
0.8848
0.872
0.8992
0.8672
0.8728
0.8528
0.8504
0.8416
0.8312
0.8496
0.8512
0.8392
0.8296
0.832
0.8352
0.8456
0.868
0.876
0.888
0.8448
0.8528
0.8488
0.8592
0.8704
0.8632
0.8488
0.8248
0.812
0.8352
0.8288
0.8496
0.8384
0.8264
0.8152
0.8432
0.796
0.82
0.8352
0.812
0.8176
0.8112
0.8416
0.8248
0.8464
0.86
0.8464
0.8688
0.8576
0.8448
0.7984
0.7952
0.8016
0.8112
0.8528
0.8272
0.8328
0.856
