0.784
0.7904
0.7752
0.7648
0.8008
0.792
0.8112
0.7704
0.7544
0.696
0.7208
0.7136
0.7184
0.6784
0.6784
0.7016
0.6464
0.6784
0.7032
0.6432
0.672
0.6496
0.6528
0.6544
0.632
0.6712
0.6592
0.6272
0.6776
0.6624
0.6088
0.624
0.5992
0.6224
0.6008
0.6208
0.6872
0.7496
0.7752
0.7856
0.7696
0.7528
0.792
0.764
0.7624
0.7568
0.7456
0.752
0.7296
0.7328
0.7288
0.7624
0.728
0.768
0.7368
0.7008
0.6816
0.7352
0.7448
0.7832
0.8168
0.7664
0.756
0.74
0.7808
0.7616
0.7608
0.748
0.736
0.7136
0.7344
0.7688
0.7688
0.7712
0.7336
0.7608
0.7864
0.7728
0.7768
0.772
0.7616
0.7848
0.7752
0.7632
0.7384
0.7392
0.7304
0.7144
0.6984
0.688
0.7336
0.7632
0.72
0.7424
0.7328
0.6888
0.668
0.7384
0.7584
0.7424
0.7128
0.6808
0.7136
0.7096
0.7024
0.7872
0.7464
0.7728
0.7456
0.7336
0.7008
0.7136
0.6864
0.7248
0.7352
0.7408
0.7424
0.74
0.7376
0.7304
0.7104
0.7304
0.7488
0.7672
0.7992
0.7232
0.7176
0.7656
0.8096
0.7792
0.7736
0.7672
0.7328
0.696
0.6928
0.7272
0.74
0.6632
0.6456
0.6616
0.6744
0.6856
0.6464
0.6528
0.6472
0.6568
0.6464
0.6192
0.6216
0.632
0.6088
0.6368
0.5928
0.6144
0.5896
0.5992
0.636
0.592
0.6144
0.5752
0.5552
0.5792
0.6
0.6248
0.628
0.6576
0.6584
0.6528
0.6464
0.6448
0.6912
0.6608
0.652
0.6
0.604
0.5832
0.576
0.58
0.6408
0.6376
0.6856
0.676
0.6656
0.6696
0.6288
0.616
0.604
0.596
0.5624
0.5792
0.5872
0.5704
0.5408
0.5136
0.516
0.5376
0.548
0.52
0.5368
0.52
0.5792
0.5472
0.5304
0.5304
0.5256
0.5136
0.5424
0.4712
0.428
0.5112
0.4792
0.5376
0.5376
0.5448
0.5408
0.564
0.5936
0.5592
0.516
0.5192
0.5304
0.5728
0.5648
0.5488
0.5392
0.5152
0.564
0.568
0.6408
0.6072
0.668
0.6408
0.592
0.5144
0.452
0.4592
0.3968
0.4
0.3448
0.2936
0.3088
0.2496
0.232
0.2424
0.2304
0.2192
0.1688
0.1816
0.208
0.2192
0.2632
0.2432
0.2016
0.1984
0.2016
0.2104
0.28
0.2384
0.2888
0.304
0.3072
0.352
0.3536
0.3304
0.3488
0.3376
0.2848
0.3208
0.3688
0.3752
0.4312
0.4368
0.4288
0.4496
0.52
0.5376
0.5936
0.552
0.6176
0.6192
0.628
0.6488
0.6608
0.716
0.7368
0.6672
0.696
0.7256
0.74
0.7376
0.74
0.7504
0.7712
0.7536
0.7776
0.7584
0.7984
0.7968
0.8072
0.8024
0.7888
0.732
0.7264
0.7904
0.78
0.7496
0.7856
0.7608
0.7632
0.7768
0.7664
0.7856
0.7984
0.8296
0.796
0.788
0.84
0.84
0.8048
0.764
0.7512
0.7568
0.7256
0.7784
0.8064
0.8088
0.8184
0.84
0.8176
0.7832
0.7896
0.776
0.756
0.78
0.7928
0.7728
0.788
0.7848
0.776
0.8016
0.7752
0.8368
0.8184
0.824
0.8016
0.796
0.7624
0.756
0.7432
0.7784
0.7992
0.7776
0.7824
0.7744
0.7776
0.7432
0.7512
0.728
0.7032
0.7088
0.6936
0.676
0.6112
0.616
0.6024
0.608
0.628
0.628
0.6392
0.6072
0.6376
0.564
0.5656
0.5664
0.5504
0.5296
0.532
0.5264
0.5072
0.5232
0.4952
0.5152
0.5552
0.5936
0.5784
0.6424
0.6552
0.6608
0.6632
0.652
0.6544
0.608
0.6032
0.5728
0.5808
0.572
0.5288
0.5312
0.5352
0.56
0.5864
0.6024
0.5984
0.648
0.6568
0.648
0.6568
0.6968
0.7384
0.76
0.7784
0.796
0.7984
0.7968
0.7888
0.8008
0.7704
0.7392
0.752
0.7688
0.736
0.7344
0.7432
0.78
0.7416
0.6944
0.7312
0.7672
0.7416
0.7688
0.7536
0.7544
0.7992
0.796
0.7952
0.812
0.796
0.7944
0.7656
0.748
0.72
0.72
0.688
0.6856
0.708
0.708
0.7184
0.7024
0.7296
0.72
0.7224
0.7128
0.7264
0.7648
0.7368
0.68
0.7112
0.7064
0.6992
0.6744
0.6664
0.6296
0.5856
0.596
0.5816
0.6432
0.7152
0.692
0.7504
0.7744
0.7416
0.744
0.7624
0.74
0.7336
0.704
0.7088
0.744
0.74
0.7592
0.7464
0.7856
0.7808
0.7784
0.7728
0.7856
0.804
0.7784
0.7752
0.7448
0.7848
0.7344
0.7616
0.7856
0.78
0.736
0.7248
0.7304
0.7552
0.7304
0.7384
0.708
0.7136
0.6896
0.7336
0.7152
0.7384
0.7928
0.8056
0.7848
0.7544
0.7448
0.7688
0.7664
0.7568
0.7632
0.7944
0.7888
0.8136
0.7904
0.7624
0.732
0.7376
0.7568
0.736
0.7384
0.7952
0.7832
0.7968
0.7848
0.7888
0.7832
0.8024
0.844
0.8216
0.764
0.7624
0.7888
0.7736
0.7456
0.7544
0.7616
0.768
0.768
0.7976
0.8312
0.7736
0.8008
0.8056
0.8168
0.8304
0.8136
0.792
0.7536
0.7824
0.76
0.76
0.7352
0.7712
0.7704
0.7816
0.792
0.7856
0.7832
0.7952
0.8256
0.8168
0.8104
0.8136
0.8208
0.8088
0.8408
0.8336
0.8224
0.8368
0.8632
0.8152
0.7352
0.7408
0.7736
0.768
0.752
0.7864
0.8096
0.7816
0.8112
0.7928
0.7816
0.7656
0.7608
0.7592
0.7688
0.7616
0.7608
0.7424
0.6872
0.6992
0.7136
0.736
0.7504
0.7256
0.7016
0.6432
0.6616
0.6968
0.7032
0.7248
0.7728
0.7456
0.7136
0.6776
0.6848
0.6272
0.6464
0.7064
0.7664
0.7472
0.7368
0.7352
0.748
0.7712
0.7624
0.772
0.7992
0.7824
0.7936
0.7648
0.7832
0.7568
0.7712
0.7752
0.7856
0.824
0.82
0.828
0.7968
0.784
0.792
0.7448
0.7784
0.7832
0.8048
0.86
0.8472
0.8304
0.7584
0.7528
0.7592
0.7368
0.7624
0.7624
0.7344
0.7792
0.776
0.8048
0.8176
0.8088
0.7824
0.76
0.7952
0.7992
0.816
0.8184
0.804
0.8352
0.836
0.8464
0.8432
0.8464
0.8232
0.8328
0.7952
0.804
0.8056
0.7912
0.7872
0.7632
0.8032
0.7864
0.772
0.7776
0.816
0.7768
0.7216
0.7616
0.7688
0.7576
0.736
0.7672
0.7456
0.7448
0.748
0.7624
0.7808
0.7728
0.7512
0.7616
0.7752
0.7792
0.7488
0.7528
0.7728
0.812
0.772
0.7632
0.716
0.74
0.7544
0.7408
0.7624
0.756
0.7848
0.768
0.7776
0.7648
0.7568
0.732
0.7144
0.7456
0.7912
0.7776
0.7704
0.748
0.7312
0.7312
0.6824
0.6824
0.7072
0.7072
0.68
0.6872
0.716
0.7432
0.6992
0.6856
0.7272
0.6736
0.6904
0.7232
0.756
0.7688
0.7816
0.7576
0.7896
0.7656
0.7384
0.696
0.6944
0.7288
0.7128
0.7616
0.76
0.784
0.7744
0.7936
0.76
0.7776
0.7896
0.768
0.7696
0.8184
0.8056
0.796
0.7904
0.7576
0.7264
0.6624
0.64
0.616
0.6416
0.68
0.6824
0.6712
0.7136
0.704
0.744
0.7496
0.748
0.7392
0.7704
0.7816
0.7312
0.748
0.748
0.7744
0.7504
0.756
0.7304
0.7552
0.7768
0.7608
0.7664
0.7784
0.7808
0.7648
0.7656
0.7616
0.792
0.764
0.7512
0.7504
0.7424
0.7432
0.752
0.7728
0.7992
0.784
0.8032
0.816
0.7968
0.7648
0.7536
0.7544
0.7648
0.7648
0.8032
0.7928
0.7584
0.756
0.7944
0.7696
0.7912
0.8256
0.8032
0.7376
0.7272
0.74
0.6904
0.692
0.6976
0.6968
0.7296
0.7184
0.74
0.6824
0.6584
0.6416
0.664
0.6472
0.6328
0.6848
0.6888
0.7464
0.76
0.76
0.7056
0.72
0.7168
0.7536
0.7592
0.732
0.7376
0.78
0.7256
0.7536
0.7712
0.7768
0.7552
0.7672
0.72
0.7152
0.7408
0.744
0.7352
0.7128
0.7272
0.744
0.7424
0.7712
0.7656
0.7832
0.7696
0.7928
0.7832
0.7648
0.7688
0.7208
0.6872
0.676
0.6904
0.7248
0.7024
0.6704
0.656
0.656
0.6792
0.7136
0.6656
0.6376
0.6528
0.616
0.592
0.592
0.592
0.6056
0.6512
0.6496
0.652
0.644
0.6448
0.6632
0.6776
0.7408
0.752
0.804
0.7784
0.7944
0.764
0.7944
0.8168
0.7768
0.7952
0.8016
0.7576
0.7792
0.7744
0.748
0.7376
0.748
0.78
0.7368
0.7448
0.736
0.7416
0.7312
0.748
0.7728
0.7432
0.732
0.7552
0.7472
0.7088
0.7352
0.7504
0.7752
0.8128
0.8304
0.7688
0.7976
0.7608
0.768
0.7512
0.7496
0.7512
0.764
0.7344
0.7608
0.7
0.7056
0.688
0.6192
0.6744
0.6408
0.648
0.6952
0.6664
0.6008
0.596
0.6328
0.6728
0.7048
0.7064
0.6568
0.632
0.5952
0.6112
0.6152
0.5992
0.6112
0.5864
0.5832
0.6016
0.6496
0.6704
0.644
0.656
0.6944
0.6392
0.6344
0.62
0.6296
0.576
0.58
0.5536
0.58
0.5344
0.5664
0.5376
0.5168
0.5336
0.5312
0.5288
0.5544
0.5504
0.516
0.5168
0.5432
0.5032
0.4728
0.5192
