0.5224609375
0.54931640625
0.53076171875
0.54296875
0.529296875
0.51416015625
0.515625
0.51904296875
0.53466796875
0.51025390625
0.484375
0.51953125
0.525390625
0.55419921875
0.5625
0.54736328125
0.517578125
0.4921875
0.4794921875
0.447265625
0.45068359375
0.43994140625
0.45166015625
0.45751953125
0.39794921875
0.36083984375
0.41552734375
0.44775390625
0.4189453125
0.427734375
0.4208984375
0.36669921875
0.337890625
0.35400390625
0.3271484375
0.32275390625
0.36669921875
0.39013671875
0.43017578125
0.44677734375
0.45654296875
0.4619140625
0.45068359375
0.4267578125
0.41748046875
0.41064453125
0.37060546875
0.3896484375
0.41064453125
0.4091796875
0.42041015625
0.39501953125
0.40380859375
0.40283203125
0.35205078125
0.376953125
0.36328125
0.3525390625
0.34765625
0.357421875
0.3828125
0.34423828125
0.32568359375
0.35986328125
0.36328125
0.37890625
0.41162109375
0.41943359375
0.44287109375
0.41162109375
0.416015625
0.40869140625
0.42333984375
0.42138671875
0.4287109375
0.42431640625
0.3994140625
0.40185546875
0.4150390625
0.39013671875
0.4013671875
0.4013671875
0.35888671875
0.333984375
0.3037109375
0.35107421875
0.369140625
0.41015625
0.40283203125
0.3994140625
0.365234375
0.31591796875
0.369140625
0.3486328125
0.3154296875
0.3427734375
0.30615234375
0.2978515625
0.2900390625
0.31005859375
0.32666015625
0.32763671875
0.337890625
0.3779296875
0.36376953125
0.3876953125
0.36669921875
0.4072265625
0.44189453125
0.4482421875
0.45361328125
0.4130859375
0.40576171875
0.40576171875
0.48486328125
0.43212890625
0.419921875
0.43212890625
0.43701171875
0.3876953125
0.4306640625
0.44140625
0.43603515625
0.4345703125
0.43896484375
0.45263671875
0.46484375
0.4462890625
0.5087890625
0.54833984375
0.55908203125
0.568359375
0.60302734375
0.63330078125
0.6171875
0.60546875
0.59423828125
0.64404296875
0.64208984375
0.6494140625
0.66455078125
0.66015625
0.66845703125
0.662109375
0.66748046875
0.66357421875
0.69921875
0.67822265625
0.662109375
0.6708984375
0.6591796875
0.6748046875
0.69384765625
0.669921875
0.69580078125
0.6884765625
0.70556640625
0.68408203125
0.6650390625
0.66845703125
0.67041015625
0.64453125
0.6396484375
0.6064453125
0.60888671875
0.58544921875
0.603515625
0.6142578125
0.62548828125
0.61279296875
0.5986328125
0.5322265625
0.54052734375
0.5439453125
0.53955078125
0.4931640625
0.50390625
0.50927734375
0.517578125
0.5205078125
0.55224609375
0.537109375
0.55712890625
0.51953125
0.5107421875
0.5361328125
0.50146484375
0.50830078125
0.498046875
0.4873046875
0.43408203125
0.412109375
0.34912109375
0.353515625
0.32080078125
0.328125
0.34716796875
0.32373046875
0.3359375
0.30029296875
0.328125
0.359375
0.3466796875
0.38134765625
0.380859375
0.33251953125
0.3642578125
0.39453125
0.4130859375
0.427734375
0.39697265625
0.41748046875
0.44677734375
0.47412109375
0.5107421875
0.52001953125
0.5302734375
0.5556640625
0.52880859375
0.50537109375
0.5029296875
0.4619140625
0.47119140625
0.5
0.51171875
0.4970703125
0.50341796875
0.50244140625
0.4716796875
0.41943359375
0.4013671875
0.4072265625
0.423828125
0.41748046875
0.42724609375
0.43701171875
0.45751953125
0.45654296875
0.4404296875
0.48583984375
0.48583984375
0.46826171875
0.4892578125
0.466796875
0.44873046875
0.4521484375
0.4423828125
0.40283203125
0.4072265625
0.45166015625
0.470703125
0.5048828125
0.5146484375
0.548828125
0.5615234375
0.56396484375
0.54638671875
0.541015625
0.5478515625
0.55029296875
0.54150390625
0.486328125
0.49951171875
0.4970703125
0.49658203125
0.5078125
0.49072265625
0.46435546875
0.46923828125
0.45703125
0.4716796875
0.51904296875
0.48583984375
0.4462890625
0.4345703125
0.4609375
0.51708984375
0.52783203125
0.4736328125
0.451171875
0.458984375
0.44091796875
0.44873046875
0.4462890625
0.435546875
0.42724609375
0.4013671875
0.3779296875
0.314453125
0.291015625
0.27392578125
0.271484375
0.24267578125
0.306640625
0.3427734375
0.3369140625
0.33544921875
0.3603515625
0.3671875
0.3662109375
0.353515625
0.3720703125
0.31396484375
0.3076171875
0.31591796875
0.28369140625
0.30419921875
0.314453125
0.32373046875
0.361328125
0.3447265625
0.34814453125
0.30078125
0.3427734375
0.31591796875
0.30908203125
0.25537109375
0.29638671875
0.2666015625
0.279296875
0.25390625
0.26220703125
0.25830078125
0.27001953125
0.27490234375
0.28662109375
0.32763671875
0.3642578125
0.37451171875
0.3486328125
0.34521484375
0.32666015625
0.34619140625
0.36865234375
0.3388671875
0.375
0.37939453125
0.34228515625
0.41552734375
0.40869140625
0.3837890625
0.38330078125
0.37939453125
0.384765625
0.419921875
0.39990234375
0.41943359375
0.39990234375
0.376953125
0.40771484375
0.40478515625
0.4130859375
0.3857421875
0.41259765625
0.42041015625
0.4189453125
0.47216796875
0.4755859375
0.5009765625
0.52392578125
0.5078125
0.5400390625
0.5439453125
0.52587890625
0.51708984375
0.5
0.51708984375
0.51123046875
0.50732421875
0.50927734375
0.5224609375
0.54443359375
0.517578125
0.50537109375
0.5126953125
0.53857421875
0.5244140625
0.51953125
0.5166015625
0.51123046875
0.5546875
0.55224609375
0.55810546875
0.6123046875
0.58935546875
0.57666015625
0.51220703125
0.53369140625
0.5537109375
0.5458984375
0.53125
0.5400390625
0.5830078125
0.611328125
0.62744140625
0.60791015625
0.6376953125
0.62890625
0.63427734375
0.64794921875
0.693359375
0.65673828125
0.68408203125
0.705078125
0.70263671875
0.68798828125
0.69384765625
0.7109375
0.693359375
0.6826171875
0.68505859375
0.6806640625
0.703125
0.69189453125
0.65869140625
0.6923828125
0.708984375
0.7548828125
0.77587890625
0.7607421875
0.7470703125
0.7314453125
0.74072265625
0.720703125
0.76220703125
0.7744140625
0.7978515625
0.77294921875
0.7822265625
0.7734375
0.79638671875
0.80029296875
0.78173828125
0.7724609375
0.78857421875
0.8134765625
0.8125
0.7939453125
0.78271484375
0.77685546875
0.73779296875
0.73046875
0.72607421875
0.73388671875
0.7607421875
0.77197265625
0.755859375
0.79150390625
0.8095703125
0.794921875
0.77587890625
0.73681640625
0.72021484375
0.73095703125
0.7392578125
0.74169921875
0.76220703125
0.76171875
0.7587890625
0.76611328125
0.73486328125
0.72412109375
0.74169921875
0.703125
0.734375
0.75439453125
0.79345703125
0.75341796875
0.76416015625
0.7626953125
0.7255859375
0.716796875
0.6904296875
0.689453125
0.685546875
0.68701171875
0.6728515625
0.68701171875
0.6865234375
0.705078125
0.72998046875
0.7265625
0.716796875
0.69580078125
0.7119140625
0.7353515625
0.72998046875
0.708984375
0.70263671875
0.70458984375
0.70166015625
0.70166015625
0.72705078125
0.7099609375
0.73291015625
0.689453125
0.69287109375
0.6689453125
0.689453125
0.67333984375
0.6640625
0.65087890625
0.59619140625
0.5771484375
0.55859375
0.5625
0.55419921875
0.59375
0.623046875
0.6552734375
0.623046875
0.5986328125
0.65283203125
0.64892578125
0.642578125
0.6650390625
0.67431640625
0.67529296875
0.677734375
0.64111328125
0.6591796875
0.66748046875
0.70556640625
0.6962890625
0.68603515625
0.74560546875
0.76953125
0.744140625
0.7626953125
0.77734375
0.7607421875
0.76220703125
0.76318359375
0.78369140625
0.76171875
0.75537109375
0.73388671875
0.73193359375
0.7548828125
0.74658203125
0.7158203125
0.7080078125
0.7021484375
0.7294921875
0.736328125
0.71435546875
0.73291015625
0.70849609375
0.69384765625
0.673828125
0.66455078125
0.677734375
0.68701171875
0.66748046875
0.68408203125
0.7099609375
0.69873046875
0.73291015625
0.73876953125
0.73974609375
0.7578125
0.73876953125
0.728515625
0.7216796875
0.74609375
0.748046875
0.77001953125
0.73974609375
0.7421875
0.74609375
0.7470703125
0.72900390625
0.7421875
0.765625
0.75537109375
0.79443359375
0.787109375
0.75146484375
0.7373046875
0.74365234375
0.763671875
0.7685546875
0.7587890625
0.72607421875
0.74609375
0.75927734375
0.77197265625
0.7587890625
0.74755859375
0.7607421875
0.7626953125
0.7744140625
0.7734375
0.78271484375
0.779296875
0.74755859375
0.7802734375
0.77490234375
0.7490234375
0.77490234375
0.74658203125
0.74072265625
0.7421875
0.775390625
0.73046875
0.7001953125
0.70458984375
0.66015625
0.64697265625
0.65869140625
0.685546875
0.70703125
0.7109375
0.732421875
0.724609375
0.7021484375
0.69580078125
0.74560546875
0.71728515625
0.7060546875
0.68701171875
0.6806640625
0.66650390625
0.63671875
0.6337890625
0.552734375
0.5888671875
0.59033203125
0.61572265625
0.60498046875
0.59423828125
0.58349609375
0.576171875
0.55224609375
0.587890625
0.609375
0.619140625
0.6298828125
0.61181640625
0.5810546875
0.6171875
0.6494140625
0.65576171875
0.63623046875
0.60595703125
0.5458984375
0.546875
0.55419921875
0.591796875
0.61279296875
0.6005859375
0.60546875
0.6005859375
0.59716796875
0.578125
0.587890625
0.6171875
0.63818359375
0.5830078125
0.6064453125
0.6279296875
0.64013671875
0.60302734375
0.5927734375
0.62744140625
0.615234375
0.5712890625
0.5625
0.552734375
0.57666015625
0.57421875
0.568359375
0.59228515625
0.5673828125
0.58251953125
0.6240234375
0.61572265625
0.64697265625
0.6591796875
0.65234375
0.64111328125
0.63525390625
0.59375
0.6064453125
0.62646484375
0.61181640625
0.59765625
0.61865234375
0.60986328125
0.5908203125
0.546875
0.5576171875
0.52978515625
0.51806640625
0.51953125
0.51904296875
0.5
0.53466796875
0.55322265625
0.47509765625
0.48779296875
0.46142578125
0.4619140625
0.43994140625
0.4443359375
0.4443359375
0.466796875
0.48974609375
0.51611328125
0.51953125
0.51220703125
0.49560546875
0.5087890625
0.4931640625
0.5361328125
0.48828125
0.4736328125
0.43603515625
0.4033203125
0.44140625
0.42041015625
0.43994140625
0.43017578125
0.3916015625
0.42431640625
0.4443359375
0.42626953125
0.44189453125
0.49365234375
0.50439453125
0.498046875
0.5107421875
0.48583984375
0.4482421875
0.423828125
0.39794921875
0.41748046875
0.3818359375
0.4013671875
0.40087890625
0.40869140625
0.40771484375
0.423828125
0.439453125
0.45947265625
0.49462890625
0.5283203125
0.54443359375
0.49609375
0.50341796875
0.52978515625
0.54345703125
0.54443359375
0.53564453125
0.5654296875
0.59716796875
0.58935546875
0.5791015625
0.6083984375
0.6025390625
0.6572265625
0.66650390625
0.65673828125
0.62451171875
0.6279296875
0.6259765625
0.65185546875
0.64892578125
0.63720703125
0.6689453125
0.65478515625
0.65869140625
0.67724609375
0.70751953125
0.69970703125
0.71728515625
0.7119140625
0.728515625
0.74267578125
0.7216796875
0.740234375
0.74658203125
0.771484375
0.7763671875
0.76904296875
0.77587890625
0.73974609375
0.7470703125
0.74462890625
0.75048828125
0.7646484375
0.79052734375
0.798828125
0.7744140625
0.77294921875
0.79345703125
0.7685546875
0.736328125
0.76025390625
0.76025390625
0.740234375
0.7158203125
0.74267578125
0.708984375
0.7119140625
0.72705078125
0.728515625
0.73046875
0.72509765625
0.70068359375
0.6806640625
0.71337890625
0.73779296875
0.73291015625
0.71533203125
0.72216796875
0.74072265625
0.74169921875
0.73681640625
0.7509765625
0.716796875
0.72314453125
0.7138671875
0.6982421875
0.71337890625
0.7109375
0.7080078125
0.705078125
0.6865234375
0.75244140625
0.77001953125
0.7939453125
0.7587890625
0.7265625
0.7314453125
0.72802734375
0.728515625
0.71044921875
0.69677734375
0.65673828125
0.64599609375
0.61328125
0.5771484375
0.5859375
0.5791015625
0.5859375
0.61572265625
0.62451171875
0.62890625
0.67578125
0.65673828125
0.64990234375
0.65625
0.69482421875
0.7080078125
0.73095703125
0.73974609375
0.75390625
0.716796875
0.7021484375
0.6884765625
0.68310546875
0.7060546875
0.69482421875
0.6865234375
0.69921875
0.70654296875
0.7060546875
0.69189453125
0.6748046875
0.6494140625
0.66162109375
0.65966796875
0.68017578125
0.68701171875
0.6884765625
0.70751953125
0.7275390625
0.66015625
0.62060546875
0.6298828125
0.6123046875
0.63037109375
0.59130859375
0.58544921875
0.5791015625
0.61474609375
0.56591796875
0.56787109375
0.54541015625
0.5078125
0.5380859375
0.568359375
0.5390625
0.53955078125
0.5556640625
0.5615234375
0.56103515625
0.5517578125
0.5166015625
0.50390625
0.48388671875
0.4892578125
0.4697265625
0.53515625
0.5419921875
0.49609375
0.46484375
0.48291015625
0.4853515625
0.43994140625
0.49609375
0.53857421875
0.560546875
0.5673828125
0.5810546875
0.59326171875
0.59765625
0.60009765625
0.60205078125
0.5859375
0.59765625
0.55419921875
0.53857421875
0.50634765625
0.51123046875
0.52978515625
0.49951171875
0.51025390625
0.53125
0.5341796875
0.51025390625
0.482421875
0.46533203125
0.44384765625
0.47705078125
0.48779296875
0.4931640625
0.49951171875
0.49462890625
0.48291015625
0.46142578125
0.4560546875
0.484375
0.49560546875
0.50048828125
0.53369140625
0.50732421875
0.4736328125
0.46044921875
0.4697265625
0.4853515625
0.494140625
0.52783203125
0.54541015625
0.52392578125
0.55712890625
0.55224609375
0.58447265625
0.60693359375
0.60546875
0.6298828125
0.6005859375
0.6494140625
0.6552734375
0.65869140625
0.66552734375
0.65234375
0.64208984375
0.6728515625
0.6845703125
0.6708984375
0.63818359375
0.67919921875
0.62353515625
0.60595703125
0.572265625
0.57568359375
0.58642578125
0.5693359375
0.5712890625
0.5849609375
0.60595703125
0.59912109375
0.59765625
0.60009765625
0.61376953125
0.6259765625
0.59716796875
0.5947265625
0.57861328125
0.5830078125
0.5849609375
0.58251953125
0.5751953125
0.583984375
0.58251953125
0.59619140625
0.58740234375
0.58544921875
