0.4888
0.5432
0.5216
0.5088
0.4648
0.4592
0.4608
0.516
0.5376
0.4896
0.4944
0.5008
0.5728
0.5992
0.6104
0.6216
0.6416
0.6128
0.604
0.5728
0.6072
0.6016
0.6016
0.5848
0.568
0.604
0.6552
0.696
0.7496
0.7136
0.7384
0.768
0.7712
0.7624
0.7568
0.7704
0.756
0.7688
0.7832
0.7968
0.8144
0.804
0.7736
0.7512
0.7472
0.7552
0.7584
0.7496
0.7696
0.7568
0.7376
0.684
0.7072
0.6808
0.6456
0.632
0.6512
0.6552
0.6712
0.6744
0.6336
0.604
0.6152
0.6352
0.6488
0.628
0.6208
0.6184
0.58
0.5904
0.6296
0.6064
0.6304
0.5888
0.5744
0.6584
0.6824
0.7048
0.6696
0.6416
0.6664
0.6824
0.696
0.6544
0.6536
0.6616
0.652
0.5912
0.5288
0.5192
0.5
0.4664
0.4064
0.3848
0.4184
0.5024
0.5
0.4888
0.536
0.512
0.5016
0.4952
0.4616
0.4592
0.4992
0.4992
0.464
0.4456
0.4264
0.4376
0.4304
0.3528
0.4064
0.4144
0.4328
0.4616
0.4688
0.4576
0.4464
0.3992
0.3968
0.3872
0.3632
0.3472
0.4064
0.4256
0.3912
0.3544
0.3936
0.3584
0.352
0.3456
0.3248
0.3704
0.3304
0.3744
0.304
0.3424
0.3256
0.2352
0.22
0.2088
0.1352
0.1496
0.1456
0.1352
0.1168
0.12
0.1112
0.0648
0.0832
0.0784
0.0744
0.0192
0.032
0.0432
0.0112
0.0032
0.0232
0.0064
0.0512
0.0616
0.0264
0.0328
0.0128
0.0472
0.004
0.0576
0.0992
0.116
0.1016
0.2264
0.2976
0.4368
0.3952
0.4
0.3968
0.3944
0.4224
0.3624
0.3144
0.3296
0.3088
0.272
0.2512
0.284
0.28
0.3024
0.3208
0.256
0.2648
0.3328
0.3336
0.3464
0.2704
0.3512
0.3008
0.332
0.3496
0.4136
0.4144
0.4176
0.4632
0.4488
0.4424
0.4768
0.4544
0.4904
0.4456
0.4272
0.4616
0.4576
0.4232
0.3336
0.3416
0.2904
0.2464
0.2264
0.2224
0.208
0.1304
0.0728
0.0136
0.04
0.0256
0.0088
0.04
0.0464
0.0624
0.052
0.112
0.1064
0.1232
0.1432
0.1472
0.1824
0.2088
0.1888
0.1768
0.1872
0.26
0.2416
0.2216
0.22
0.2608
0.2672
0.232
0.192
0.156
0.1768
0.1776
0.1432
0.1624
0.1928
0.2216
0.2296
0.204
0.2064
0.1656
0.1696
0.1536
0.132
0.1936
0.2448
0.2448
0.284
0.2448
0.2392
0.2256
0.1872
0.1784
0.076
0.1064
0.1
0.0824
0.0592
0.0568
0.0336
0.0072
0.048
0.0168
0.008
0.0024
0.0624
0.0288
0.084
0.0728
0.0168
0.0704
0.0288
0.064
0.0744
0.0856
0.1232
0.144
0.172
0.1536
0.2048
0.1304
0.1616
0.22
0.2792
0.2536
0.3024
0.3024
0.3336
0.2976
0.2976
0.2736
0.2792
0.268
0.3056
0.3088
0.3016
0.3304
0.296
0.3
0.2528
0.2016
0.2232
0.2432
0.26
0.2592
0.2696
0.2688
0.2816
0.2568
0.2408
0.284
0.3424
0.3856
0.42
0.4312
0.436
0.4032
0.4176
0.424
0.44
0.4128
0.4432
0.412
0.4352
0.412
0.4608
0.4528
0.432
0.3896
0.408
0.3912
0.3856
0.4304
0.4488
0.4816
0.4984
0.4912
0.4232
0.4304
0.4288
0.4592
0.4272
0.4472
0.44
0.4432
0.4224
0.4024
0.3928
0.376
0.3984
0.3784
0.3688
0.3328
0.3152
0.2992
0.2976
0.2568
0.3176
0.3488
0.3304
0.3336
0.3328
0.3632
0.4264
0.4424
0.4176
0.3576
0.3512
0.3504
0.336
0.3272
0.3632
0.332
0.34
0.34
0.392
0.3632
0.388
0.3664
0.3416
0.3024
0.336
0.3288
0.3576
0.3488
0.3256
0.3104
0.3256
0.3568
0.3544
0.332
0.3528
0.3848
0.4472
0.4248
0.448
0.504
0.5784
0.58
0.6528
0.616
0.6032
0.5824
0.62
0.6248
0.6128
0.5512
0.5344
0.5672
0.6008
0.6032
0.648
0.6192
0.6232
0.6344
0.6136
0.572
0.56
0.5616
0.5896
0.5424
0.5744
0.56
0.5224
0.56
0.608
0.6248
0.5992
0.5808
0.556
0.5144
0.5152
0.4976
0.4528
0.4552
0.42
0.4264
0.3848
0.3752
0.3368
0.396
0.3744
0.42
0.4776
0.48
0.4784
0.4192
0.4488
0.4168
0.4288
0.4744
0.4856
0.532
0.52
0.5256
0.4912
0.5328
0.4872
0.4776
0.4976
0.4504
0.4888
0.5232
0.5792
0.5408
0.588
0.5896
0.6616
0.6416
0.6592
0.6168
0.6112
0.6624
0.68
0.6592
0.6952
0.6984
0.6456
0.636
0.6432
0.6112
0.624
0.6016
0.6488
0.6424
0.664
0.652
0.6352
0.6128
0.604
0.608
0.624
0.6632
0.6848
0.6664
0.6824
0.6664
0.6496
0.5888
0.6272
0.6456
0.6128
0.5424
0.4936
0.484
0.5544
0.5888
0.576
0.5808
0.6024
0.6456
0.648
0.62
0.6664
0.6752
0.6736
0.6728
0.664
0.6544
0.7
0.7232
0.7104
0.7192
0.7056
0.6928
0.6688
0.6688
0.68
0.7032
0.7256
0.708
0.6896
0.6384
0.6184
0.6536
0.596
0.5832
0.5816
0.5696
0.5512
0.5064
0.5144
0.5296
0.5288
0.4944
0.4696
0.4576
0.5152
0.4672
0.4496
0.4744
0.3936
0.4272
0.4496
0.4744
0.4664
0.4416
0.3832
0.3776
0.388
0.432
0.4568
0.4336
0.452
0.4584
0.4952
0.5232
0.5232
0.5096
0.5672
0.5328
0.5376
0.4776
0.456
0.4656
0.48
0.4616
0.4664
0.5392
0.5432
0.5616
0.636
0.6792
0.7056
0.712
0.7056
0.7336
0.7256
0.7512
0.7248
0.7208
0.7376
0.7616
0.7632
0.7296
0.724
0.708
0.7104
0.724
0.7168
0.7472
0.7288
0.7232
0.6936
0.7008
0.652
0.6672
0.732
0.7456
0.7888
0.7672
0.7744
0.7512
0.7624
0.6896
0.6704
0.7256
0.7248
0.7336
0.7264
0.7408
0.7376
0.752
0.756
0.7368
0.7504
0.8072
0.7952
0.7744
0.7648
0.748
0.7448
0.7312
0.7424
0.7272
0.7808
0.7808
0.796
0.7584
0.7488
0.744
0.732
0.7192
0.724
0.7088
0.732
0.7336
0.6936
0.6624
0.636
0.6768
0.6368
0.6768
0.6512
0.6168
0.6368
0.6624
0.6704
0.7256
0.732
0.7752
0.7616
0.7688
0.7672
0.8256
0.8024
0.7792
0.7496
0.728
0.6936
0.6392
0.6816
0.6928
0.7224
0.6888
0.6648
0.688
0.692
0.6456
0.6384
0.6112
0.628
0.6368
0.6416
0.6008
0.6048
0.5608
0.532
0.5896
0.5456
0.5664
0.5464
0.5384
0.5224
0.5048
0.508
0.5352
0.58
0.5928
0.612
0.6064
0.6208
0.5984
0.5832
0.5544
0.576
0.5848
0.5832
0.5888
0.5696
0.5208
0.464
0.4272
0.48
0.4776
0.492
0.484
0.4552
0.4456
0.432
0.46
0.5224
0.54
0.5968
0.636
0.66
0.6648
0.6608
0.6024
0.6232
0.6288
0.6008
0.6088
0.6376
0.5736
0.5944
0.6344
0.6296
0.6576
0.6456
0.6208
0.6272
0.6144
0.5736
0.5856
0.5832
0.4832
0.5072
0.5464
0.5944
0.6016
0.6192
0.6048
0.5288
0.5448
0.5496
0.5352
0.5368
0.5952
0.6216
0.6264
0.5664
0.5384
0.5072
0.556
0.6016
0.564
0.6224
0.6784
0.6656
0.6696
0.6776
0.684
0.6968
0.7224
0.7616
0.776
0.7936
0.7672
0.7576
0.752
0.7096
0.728
0.7336
0.7272
0.7008
0.6448
0.6448
0.668
0.692
0.6736
0.664
0.7176
0.6472
0.664
0.6896
0.6896
0.6952
0.6752
0.7152
0.7024
0.7256
0.7408
0.7184
0.7136
0.6896
0.696
0.668
0.724
0.7152
0.6704
0.648
0.5736
0.588
0.584
0.5904
0.6208
0.6576
0.6536
0.644
0.656
0.6144
0.636
0.636
0.6968
0.6936
0.7272
0.708
0.7008
0.6384
0.6544
0.7088
0.7112
0.724
0.7192
0.7104
0.7032
0.6872
0.7344
0.7032
0.6752
0.712
0.7272
0.7144
0.6736
0.6656
0.6832
0.688
0.6832
0.7112
0.724
0.7448
0.7424
0.7592
0.7224
0.74
0.6808
0.6808
0.724
0.6784
0.6552
0.6736
0.6536
0.6256
0.6248
0.6
0.6192
0.66
0.6136
0.6192
0.568
0.4824
0.5136
0.5888
0.624
0.6416
0.6216
0.6184
0.6176
0.6872
0.7208
0.7168
0.7224
0.7224
0.6832
0.6824
0.7048
0.7184
0.6904
0.672
0.6584
0.6288
0.6368
0.6
0.588
0.576
0.5608
0.5728
0.5176
0.4584
0.3784
0.3808
0.4104
0.4296
0.4232
0.4704
0.4832
0.4968
0.5104
0.492
0.4696
0.4208
0.4848
0.5096
0.4744
0.4632
0.4648
0.444
0.4352
0.4376
0.416
0.3648
0.3072
0.2872
0.248
0.2296
0.24
0.1992
0.1696
0.176
0.24
0.2944
0.3264
0.3552
0.3256
0.2856
0.2976
0.2808
0.288
0.3352
0.3104
0.3512
0.3264
0.3048
0.3032
0.28
0.2208
0.252
0.2272
0.2176
0.2544
0.2568
0.26
0.244
0.2592
0.3168
0.3624
0.2984
0.3352
0.3072
0.3096
0.3376
0.3416
0.3272
0.2504
0.2144
0.1952
0.2048
0.1792
0.1832
0.1704
0.1296
0.136
0.1616
0.1888
0.2464
0.2224
0.2032
0.1832
0.1672
0.1888
0.1952
