0.136
0.12
0.032
0.0464
0.08
0.0104
0.0328
0.0528
0.0152
0.0096
0.052
0.0696
0.0032
0.0608
0.0272
0.0256
0.0496
0.0064
0.052
0.032
0.0736
0.0584
0.096
0.1248
0.092
0.164
0.2256
0.2168
0.2416
0.2208
0.2112
0.2248
0.1976
0.1272
0.1584
0.1912
0.2528
0.2392
0.2144
0.1888
0.2016
0.1976
0.1504
0.1528
0.1632
0.188
0.1344
0.1352
0.1312
0.0824
0.1104
0.116
0.108
0.0872
0.0344
0.0432
0.0832
0.1496
0.1832
0.204
0.1632
0.1512
0.1272
0.1392
0.0312
0.0
0.0736
0.0976
0.1136
0.2296
0.1904
0.0872
0.0944
0.0656
0.0256
0.0784
0.0384
0.0336
0.0048
0.028
0.0272
0.0416
0.0624
0.104
0.1112
0.104
0.1168
0.1264
0.1176
0.0728
0.0568
0.0432
0.0256
0.052
0.0672
0.0952
0.0512
0.044
0.028
0.0272
0.0256
0.008
0.0264
0.032
0.0408
0.052
0.0296
0.0
0.0176
0.0568
0.0432
0.04
0.008
0.0232
0.0248
0.0368
0.0864
0.0472
0.0288
0.0224
0.036
0.0344
0.0816
0.0496
0.084
0.072
0.1136
0.1096
0.0344
0.076
0.0584
0.0048
0.0392
0.0768
0.108
0.1336
0.1296
0.088
0.1464
0.1672
0.2032
0.2464
0.2688
0.264
0.2184
0.228
0.2424
0.248
0.3008
0.352
0.3688
0.36
0.3688
0.368
0.3312
0.38
0.4392
0.4648
0.4344
0.416
0.472
0.464
0.4608
0.4592
0.4792
0.4424
0.4416
0.424
0.4088
0.3496
0.34
0.3232
0.3488
0.3352
0.3368
0.4104
0.4056
0.4184
0.4304
0.4328
0.392
0.4544
0.4392
0.436
0.4056
0.3152
0.3136
0.3416
0.404
0.4424
0.4176
0.3976
0.3552
0.324
0.3248
0.4016
0.38
0.4648
0.5136
0.4992
0.4856
0.544
0.5536
0.4968
0.4936
0.4888
0.5048
0.504
0.5408
0.5392
0.4744
0.4968
0.5224
0.5416
0.5488
0.616
0.6176
0.58
0.5376
0.556
0.5736
0.572
0.5832
0.5256
0.5064
0.4984
0.5048
0.4864
0.4608
0.4712
0.524
0.5264
0.4888
0.5296
0.536
0.4376
0.4
0.3864
0.376
0.4016
0.4688
0.504
0.4224
0.3728
0.3304
0.3328
0.2944
0.3096
0.4184
0.4624
0.4704
0.4616
0.4432
0.4056
0.4784
0.4152
0.4304
0.3664
0.3736
0.3672
0.3952
0.3584
0.3648
0.356
0.3416
0.3
0.4016
0.3656
0.3376
0.2784
0.2688
0.276
0.2664
0.2792
0.2736
0.356
0.396
0.4056
0.4168
0.4168
0.4416
0.468
0.4544
0.4448
0.356
0.36
0.4264
0.4736
0.4544
0.4592
0.4112
0.4712
0.5096
0.4808
0.4848
0.4496
0.4784
0.4616
0.4592
0.4392
0.4584
0.4208
0.3048
0.3504
0.3672
0.3768
0.3608
0.4048
0.3576
0.3112
0.3008
0.316
0.2848
0.2928
0.2384
0.268
0.2504
0.264
0.3104
0.2808
0.3288
0.36
0.3816
0.368
0.36
0.3008
0.2304
0.2216
0.18
0.2576
0.2784
0.3112
0.32
0.2832
0.2952
0.3008
0.244
0.212
0.1728
0.1696
0.1896
0.2456
0.2048
0.196
0.1848
0.212
0.1696
0.1544
0.1632
0.1536
0.1824
0.184
0.1384
0.228
0.2296
0.26
0.3048
0.3432
0.3784
0.3688
0.352
0.3384
0.3376
0.3088
0.308
0.3416
0.3744
0.3952
0.36
0.3272
0.344
0.4016
0.4112
0.3792
0.396
0.4344
0.4472
0.4704
0.4784
0.5536
0.5544
0.5616
0.5656
0.5984
0.5896
0.6032
0.6024
0.58
0.6224
0.6352
0.5896
0.5888
0.6048
0.6384
0.6
0.6192
0.6608
0.692
0.7096
0.6608
0.6568
0.6264
0.5984
0.5704
0.5776
0.5824
0.52
0.5224
0.5096
0.5056
0.4936
0.5328
0.4768
0.5088
0.5032
0.452
0.5384
0.5376
0.572
0.5696
0.6128
0.616
0.6056
0.6112
0.5896
0.6016
0.5408
0.5056
0.4824
0.5
0.5432
0.5136
0.4984
0.5896
0.604
0.6304
0.6288
0.6552
0.7112
0.7432
0.7496
0.7384
0.7184
0.7168
0.6888
0.7176
0.7328
0.7216
0.692
0.7656
0.74
0.6968
0.6824
0.6424
0.6536
0.588
0.5344
0.5032
0.476
0.4992
0.496
0.5808
0.6144
0.6
0.616
0.7064
0.7136
0.6744
0.6496
0.672
0.6944
0.6872
0.6584
0.572
0.5448
0.5472
0.452
0.3968
0.4224
0.3752
0.324
0.3448
0.3792
0.3832
0.3616
0.4104
0.3632
0.3736
0.3616
0.3808
0.3072
0.3184
0.3488
0.3872
0.3224
0.2984
0.3048
0.2704
0.2984
0.2232
0.2408
0.2504
0.1912
0.2088
0.1776
0.0672
0.0416
0.088
0.1224
0.0976
0.056
0.0048
0.0392
0.032
0.0328
0.0544
0.0032
0.0232
0.0168
0.0544
0.1096
0.0976
0.0544
0.036
0.0288
0.0224
0.0664
0.06
0.1064
0.132
0.1168
0.0776
0.068
0.0232
0.0648
0.0248
0.0136
0.0936
0.1496
0.1312
0.1496
0.1936
0.2016
0.184
0.1824
0.1504
0.1432
0.1672
0.1664
0.1824
0.1488
0.1152
0.1464
0.1384
0.0448
0.084
0.0848
0.1024
0.0992
0.116
0.124
0.1224
0.1304
0.1376
0.0992
0.1728
0.2016
0.2544
0.26
0.1856
0.16
0.1704
0.1392
0.136
0.0896
0.1448
0.112
0.084
0.0632
0.1112
0.104
0.1992
0.1128
0.0472
0.0016
0.0008
0.072
0.0256
0.0552
0.0152
0.0864
0.1248
0.096
0.0512
0.1016
0.0984
0.1072
0.1368
0.0776
0.1312
0.1416
0.1408
0.1096
0.1448
0.2264
0.2424
0.2384
0.2008
0.1664
0.1704
0.192
0.1936
0.2184
0.2264
0.3056
0.2232
0.2008
0.2232
0.244
0.2224
0.2328
0.3032
0.3248
0.344
0.3024
0.2944
0.252
0.272
0.3104
0.3216
0.3344
0.4336
0.492
0.4424
0.4072
0.4016
0.4632
0.5008
0.4896
0.5136
0.5488
0.58
0.6104
0.564
0.5408
0.572
0.5784
0.576
0.5712
0.5904
0.5328
0.4776
0.4624
0.4792
0.5264
0.512
0.5184
0.5584
0.5344
0.5344
0.5304
0.5304
0.4992
0.4976
0.5224
0.476
0.4232
0.4536
0.452
0.3736
0.3864
0.38
0.4424
0.4816
0.4232
0.3616
0.4424
0.4904
0.4808
0.4776
0.5232
0.5728
0.6272
0.6288
0.6184
0.6048
0.5816
0.5776
0.5888
0.5904
0.5696
0.5944
0.5832
0.56
0.5648
0.5472
0.5256
0.5056
0.5016
0.4848
0.476
0.4896
0.4016
0.4424
0.4248
0.4128
0.4352
0.4048
0.4336
0.4688
0.476
0.4984
0.4312
0.4112
0.3664
0.3912
0.3736
0.3928
0.456
0.4696
0.5096
0.5432
0.5776
0.5792
0.5768
0.5328
0.5216
0.48
0.4384
0.4312
0.4576
0.4696
0.5
0.476
0.528
0.4848
0.5408
0.6168
0.6272
0.6272
0.6088
0.6016
0.6456
0.6184
0.6904
0.6392
0.6416
0.6392
0.6448
0.5912
0.6232
0.5136
0.5536
0.532
0.5168
0.452
0.4848
0.5064
0.4952
0.4744
0.5176
0.5008
0.4984
0.5088
0.5056
0.4728
0.444
0.416
0.4512
0.516
0.52
0.576
0.5568
0.5376
0.536
0.4888
0.4744
0.4632
0.4536
0.4336
0.4704
0.4672
0.3984
0.3816
0.3168
0.3592
0.4168
0.4032
0.452
0.484
0.4688
0.472
0.5144
0.5144
0.5416
0.5496
0.5632
0.5736
0.6264
0.648
0.6152
0.6392
0.6528
0.6704
0.664
0.6288
0.5744
0.5784
0.5648
0.5144
0.52
0.4576
0.4328
0.4216
0.3536
0.2728
0.3176
0.3072
0.3336
0.3696
0.38
0.3616
0.3944
0.3176
0.3344
0.3696
0.3832
0.3544
0.3992
0.364
0.3624
0.3368
0.34
0.3288
0.3048
0.2704
0.3496
0.316
0.3528
0.3712
0.3592
0.4272
0.4408
0.4824
0.516
0.504
0.4712
0.476
0.3944
0.4184
0.4384
0.4408
0.476
0.4592
0.4536
0.488
0.4152
0.3984
0.436
0.4656
0.3904
0.384
0.4112
0.3976
0.3984
0.416
0.3896
0.4104
0.4312
0.4512
0.4864
0.5008
0.5344
0.5344
0.4992
0.5488
0.5376
0.5264
0.5568
0.5672
0.5592
0.5792
0.5808
0.556
0.516
0.468
0.4536
0.46
0.4144
0.3952
0.3912
0.3424
0.3096
0.2528
0.22
0.2128
0.1728
0.1432
0.1888
0.1824
0.1328
0.12
0.14
0.1512
0.18
0.2208
0.18
0.1368
0.1704
0.1808
0.1808
0.2016
0.2216
0.2728
0.2776
0.316
0.288
0.312
0.288
0.2952
0.2408
0.1928
0.2368
0.232
0.2344
0.1792
0.1248
0.1568
0.1192
0.0912
0.088
0.1832
0.196
0.256
0.2064
0.2
0.248
0.2464
0.256
0.3104
0.296
0.2784
0.3064
0.3136
0.2888
0.288
0.3416
0.3296
0.2576
0.3112
0.2832
0.2968
0.264
0.2944
0.2848
0.2256
0.2128
0.1816
0.2328
0.2496
0.368
0.2808
0.3208
0.256
0.192
0.2408
0.224
0.3048
0.2352
0.2848
0.2816
0.3368
0.3496
0.3496
0.336
0.312
0.2984
0.344
0.3328
0.3024
0.3312
0.3136
0.3544
0.3344
0.3152
0.3032
0.3528
0.364
0.3608
0.4112
0.4192
0.4208
0.3792
0.3624
0.3456
0.4048
0.4296
0.4584
0.4144
0.452
