0.85595703125
0.86083984375
0.85986328125
0.85546875
0.85546875
0.853515625
0.83740234375
0.8349609375
0.873046875
0.86083984375
0.853515625
0.87646484375
0.837890625
0.83203125
0.81201171875
0.80029296875
0.78466796875
0.80908203125
0.8154296875
0.81591796875
0.80224609375
0.80419921875
0.81689453125
0.8271484375
0.8291015625
0.84423828125
0.83251953125
0.8408203125
0.82958984375
0.85595703125
0.84814453125
0.849609375
0.84521484375
0.81982421875
0.83349609375
0.83251953125
0.84521484375
0.83203125
0.822265625
0.84130859375
0.86083984375
0.86181640625
0.84130859375
0.83251953125
0.85107421875
0.87548828125
0.875
0.8515625
0.83251953125
0.828125
0.85400390625
0.88720703125
0.87109375
0.8623046875
0.88330078125
0.88916015625
0.8779296875
0.86328125
0.8662109375
0.8515625
0.82763671875
0.85107421875
0.85205078125
0.82666015625
0.84375
0.86572265625
0.88134765625
0.85302734375
0.8330078125
0.779296875
0.794921875
0.81640625
0.85009765625
0.82958984375
0.810546875
0.82275390625
0.82373046875
0.8154296875
0.8349609375
0.837890625
0.85107421875
0.85205078125
0.85595703125
0.87744140625
0.8662109375
0.8779296875
0.8466796875
0.8251953125
0.8359375
0.82470703125
0.84375
0.83447265625
0.8193359375
0.82421875
0.833984375
0.81591796875
0.841796875
0.85791015625
0.84033203125
0.865234375
0.8369140625
0.857421875
0.84228515625
0.8720703125
0.85986328125
0.8505859375
0.8271484375
0.81884765625
0.8408203125
0.83251953125
0.83544921875
0.83984375
0.853515625
0.83544921875
0.8486328125
0.8720703125
0.8408203125
0.85595703125
0.83447265625
0.806640625
0.80712890625
0.8203125
0.822265625
0.84716796875
0.83740234375
0.8662109375
0.86083984375
0.85400390625
0.8681640625
0.85595703125
0.83935546875
0.84228515625
0.85693359375
0.85888671875
0.859375
0.8427734375
0.8427734375
0.84033203125
0.818359375
0.8359375
0.84423828125
0.8408203125
0.84375
0.83349609375
0.853515625
0.87353515625
0.89111328125
0.837890625
0.8115234375
0.8203125
0.81103515625
0.8251953125
0.82861328125
0.8330078125
0.8310546875
0.83056640625
0.8251953125
0.83447265625
0.8251953125
0.83251953125
0.85595703125
0.8525390625
0.84130859375
0.83740234375
0.84228515625
0.81787109375
0.82666015625
0.8408203125
0.83642578125
0.82373046875
0.81298828125
0.80859375
0.794921875
0.7958984375
0.80419921875
0.83349609375
0.80712890625
0.80517578125
0.85595703125
0.8486328125
0.853515625
0.853515625
0.8662109375
0.8681640625
0.85009765625
0.84765625
0.84912109375
0.87060546875
0.85205078125
0.84521484375
0.86474609375
0.8603515625
0.865234375
0.8759765625
0.84375
0.84375
0.84912109375
0.86767578125
0.85595703125
0.85546875
0.8701171875
0.86865234375
0.85888671875
0.85888671875
0.84619140625
0.83203125
0.796875
0.81982421875
0.85400390625
0.81396484375
0.8583984375
0.89453125
0.869140625
0.87939453125
0.8779296875
0.88671875
0.85400390625
0.86083984375
0.8681640625
0.8515625
0.8623046875
0.85009765625
0.84912109375
0.85498046875
0.86474609375
0.8466796875
0.84912109375
0.837890625
0.8388671875
0.84716796875
0.8544921875
0.875
0.87646484375
0.86474609375
0.85791015625
0.83984375
0.84326171875
0.8466796875
0.86865234375
0.8779296875
0.8779296875
0.8466796875
0.84130859375
0.82861328125
0.84228515625
0.875
0.88330078125
0.8798828125
0.86572265625
0.875
0.86328125
0.84619140625
0.82470703125
0.8017578125
0.77197265625
0.8017578125
0.796875
0.7919921875
0.7978515625
0.771484375
0.814453125
0.83740234375
0.8408203125
0.80810546875
0.82568359375
0.81640625
0.8046875
0.82666015625
0.82177734375
0.80517578125
0.8056640625
0.7890625
0.82861328125
0.8466796875
0.83935546875
0.8369140625
0.853515625
0.814453125
0.79296875
0.79248046875
0.775390625
0.76806640625
0.7802734375
0.81494140625
0.8095703125
0.82421875
0.849609375
0.837890625
0.86083984375
0.84423828125
0.8251953125
0.81591796875
0.83203125
0.806640625
0.79833984375
0.81640625
0.79296875
0.80126953125
0.8212890625
0.7890625
0.8310546875
0.8154296875
0.8291015625
0.83740234375
0.80908203125
0.80126953125
0.79345703125
0.8076171875
0.81689453125
0.810546875
0.82470703125
0.80126953125
0.79296875
0.794921875
0.80322265625
0.787109375
0.77001953125
0.77685546875
0.80810546875
0.81787109375
0.82470703125
0.83203125
0.8173828125
0.8330078125
0.833984375
0.85498046875
0.86572265625
0.8544921875
0.845703125
0.83984375
0.81201171875
0.80322265625
0.82470703125
0.8076171875
0.7822265625
0.78662109375
0.78369140625
0.7939453125
0.8193359375
0.80615234375
0.84130859375
0.8583984375
0.8505859375
0.82666015625
0.8388671875
0.82861328125
0.8271484375
0.82666015625
0.8505859375
0.806640625
0.81982421875
0.84033203125
0.8369140625
0.84375
0.84716796875
0.8330078125
0.81689453125
0.822265625
0.82080078125
0.8291015625
0.83056640625
0.8408203125
0.857421875
0.83154296875
0.8349609375
0.8369140625
0.8203125
0.82470703125
0.8359375
0.82421875
0.81982421875
0.8212890625
0.833984375
0.8642578125
0.87255859375
0.8525390625
0.85205078125
0.84814453125
0.84765625
0.857421875
0.85205078125
0.841796875
0.85595703125
0.85107421875
0.84912109375
0.84326171875
0.85498046875
0.84619140625
0.82373046875
0.82958984375
0.833984375
0.8525390625
0.83642578125
0.8369140625
0.83544921875
0.8427734375
0.8232421875
0.8271484375
0.8154296875
0.84423828125
0.8203125
0.8232421875
0.82373046875
0.814453125
0.81298828125
0.81884765625
0.818359375
0.806640625
0.81201171875
0.83642578125
0.8193359375
0.82421875
0.8203125
0.80029296875
0.8466796875
0.8134765625
0.80517578125
0.806640625
0.81591796875
0.8310546875
0.82080078125
0.828125
0.83984375
0.82861328125
0.8037109375
0.8251953125
0.82763671875
0.83349609375
0.84423828125
0.85546875
0.8466796875
0.861328125
0.86572265625
0.86181640625
0.86328125
0.8544921875
0.85009765625
0.8662109375
0.87109375
0.869140625
0.85595703125
0.84033203125
0.84033203125
0.8515625
0.8505859375
0.84521484375
0.841796875
0.869140625
0.85595703125
0.85986328125
0.8525390625
0.85595703125
0.85888671875
0.859375
0.8623046875
0.84716796875
0.84130859375
0.85498046875
0.8662109375
0.85009765625
0.876953125
0.8828125
0.8974609375
0.88525390625
0.87939453125
0.88134765625
0.84521484375
0.83984375
0.86181640625
0.8173828125
0.83447265625
0.82958984375
0.80615234375
0.82958984375
0.8525390625
0.869140625
0.84423828125
0.861328125
0.87548828125
0.8564453125
0.83935546875
0.84423828125
0.84130859375
0.83837890625
0.8388671875
0.82275390625
0.82177734375
0.79833984375
0.81591796875
0.8349609375
0.8359375
0.8330078125
0.8115234375
0.82177734375
0.82861328125
0.84912109375
0.82861328125
0.85595703125
0.8662109375
0.849609375
0.84033203125
0.859375
0.859375
0.861328125
0.85400390625
0.8544921875
0.86279296875
0.84375
0.8447265625
0.88623046875
0.876953125
0.86767578125
0.8603515625
0.8662109375
0.86572265625
0.8310546875
0.81640625
0.833984375
0.83203125
0.796875
0.794921875
0.84326171875
0.8369140625
0.82958984375
0.8388671875
0.84033203125
0.80712890625
0.798828125
0.7578125
0.7724609375
0.78564453125
0.791015625
0.76171875
0.74462890625
0.77099609375
0.7626953125
0.76318359375
0.7451171875
0.73388671875
0.75
0.77587890625
0.79541015625
0.7744140625
0.7734375
0.7939453125
0.80712890625
0.8076171875
0.7666015625
0.7490234375
0.7529296875
0.72412109375
0.7080078125
0.732421875
0.74462890625
0.72119140625
0.70751953125
0.712890625
0.71826171875
0.72607421875
0.74169921875
0.73583984375
0.708984375
0.6953125
0.71826171875
0.7353515625
0.744140625
0.759765625
0.76171875
0.7724609375
0.78759765625
0.7763671875
0.7880859375
0.77001953125
0.75830078125
0.7626953125
0.763671875
0.7734375
0.7587890625
0.78662109375
0.7763671875
0.78271484375
0.80517578125
0.8251953125
0.82666015625
0.810546875
0.82080078125
0.80859375
0.8134765625
0.81103515625
0.81103515625
0.8251953125
0.8095703125
0.82666015625
0.8330078125
0.84423828125
0.84912109375
0.84619140625
0.8349609375
0.85107421875
0.8603515625
0.8447265625
0.85205078125
0.83056640625
0.833984375
0.82080078125
0.833984375
0.8271484375
0.82275390625
0.837890625
0.83544921875
0.83740234375
0.85693359375
0.8681640625
0.86572265625
0.84375
0.85791015625
0.8203125
0.83349609375
0.82666015625
0.82177734375
0.8125
0.81884765625
0.845703125
0.8525390625
0.83544921875
0.83544921875
0.837890625
0.83642578125
0.859375
0.8349609375
0.85791015625
0.8505859375
0.853515625
0.8583984375
0.8388671875
0.84228515625
0.86083984375
0.84375
0.82275390625
0.81494140625
0.81689453125
0.828125
0.84765625
0.83056640625
0.82861328125
0.84912109375
0.8466796875
0.85009765625
0.8310546875
0.80224609375
0.83251953125
0.8427734375
0.81787109375
0.8134765625
0.82080078125
0.833984375
0.8427734375
0.8583984375
0.84765625
0.837890625
0.82470703125
0.84228515625
0.82763671875
0.8046875
0.783203125
0.79296875
0.7978515625
0.810546875
0.7998046875
0.79833984375
0.78564453125
0.80322265625
0.8125
0.7978515625
0.77978515625
0.7744140625
0.76171875
0.75439453125
0.73388671875
0.73388671875
0.7470703125
0.75927734375
0.7626953125
0.7138671875
0.72021484375
0.701171875
0.69580078125
0.6884765625
0.7109375
0.720703125
0.74658203125
0.73828125
0.72607421875
0.7509765625
0.732421875
0.72607421875
0.728515625
0.72607421875
0.69189453125
0.7041015625
0.7392578125
0.7431640625
0.72509765625
0.728515625
0.69091796875
0.71923828125
0.71826171875
0.7587890625
0.75
0.72900390625
0.74560546875
0.72412109375
0.74462890625
0.7353515625
0.7841796875
0.76220703125
0.75732421875
0.73876953125
0.767578125
0.7392578125
0.75927734375
0.74755859375
0.73681640625
0.7216796875
0.70751953125
0.7158203125
0.7177734375
0.7109375
0.6962890625
0.759765625
0.75927734375
0.73291015625
0.748046875
0.75244140625
0.7802734375
0.828125
0.82568359375
0.79150390625
0.79736328125
0.8310546875
0.8154296875
0.79833984375
0.7900390625
0.75732421875
0.79833984375
0.77734375
0.77880859375
0.75927734375
0.7724609375
0.80419921875
0.83447265625
0.841796875
0.8583984375
0.8427734375
0.837890625
0.81494140625
0.85302734375
0.8369140625
0.84912109375
0.845703125
0.84814453125
0.8310546875
0.80615234375
0.8310546875
0.8271484375
0.82275390625
0.83203125
0.83203125
0.84375
0.82421875
0.84423828125
0.841796875
0.8515625
0.865234375
0.86376953125
0.8505859375
0.84912109375
0.8583984375
0.85498046875
0.84228515625
0.8349609375
0.8212890625
0.8310546875
0.845703125
0.86376953125
0.85107421875
0.8486328125
0.84814453125
0.8564453125
0.85546875
0.86083984375
0.85498046875
0.8583984375
0.876953125
0.86328125
0.8623046875
0.84375
0.86865234375
0.837890625
0.8251953125
0.81787109375
0.80810546875
0.79443359375
0.7900390625
0.79150390625
0.81201171875
0.81494140625
0.80224609375
0.7841796875
0.798828125
0.80712890625
0.822265625
0.85107421875
0.85205078125
0.8515625
0.849609375
0.82470703125
0.83349609375
0.841796875
0.82666015625
0.82373046875
0.82666015625
0.873046875
0.8720703125
0.892578125
0.8798828125
0.87744140625
0.865234375
0.8740234375
0.8759765625
0.85302734375
0.8349609375
0.86572265625
0.86279296875
0.87451171875
0.86474609375
0.8583984375
0.84814453125
0.8515625
0.85107421875
0.85302734375
0.8564453125
0.83642578125
0.83837890625
0.85009765625
0.85400390625
0.84228515625
0.833984375
0.84130859375
0.83984375
0.8525390625
0.8291015625
0.8173828125
0.84033203125
0.84326171875
0.8544921875
0.88037109375
0.8408203125
0.86376953125
0.865234375
0.85791015625
0.845703125
0.81787109375
0.80322265625
0.8095703125
0.810546875
0.8056640625
0.82275390625
0.8251953125
0.83154296875
0.83642578125
0.849609375
0.8310546875
0.85986328125
0.84716796875
0.8369140625
0.830078125
0.81298828125
0.83154296875
0.83203125
0.83642578125
0.8486328125
0.849609375
0.85693359375
0.8525390625
0.86376953125
0.87060546875
0.86572265625
0.86181640625
0.8701171875
0.8486328125
0.8369140625
0.8525390625
0.875
0.86767578125
0.86181640625
0.86083984375
0.8427734375
0.8388671875
0.83447265625
0.837890625
0.85107421875
0.80517578125
0.7626953125
0.7783203125
0.7646484375
0.76953125
0.787109375
0.818359375
0.83056640625
0.8408203125
0.83056640625
0.8193359375
0.82177734375
0.83837890625
0.87158203125
0.880859375
0.8505859375
0.859375
0.837890625
0.8271484375
0.8115234375
0.85595703125
0.83642578125
0.82177734375
0.84765625
0.85107421875
0.83837890625
0.8427734375
0.83349609375
0.83251953125
0.814453125
0.8271484375
0.84375
0.8291015625
0.845703125
0.841796875
0.8251953125
0.822265625
0.82666015625
0.83740234375
0.853515625
0.82568359375
0.841796875
0.8583984375
0.884765625
0.8798828125
0.85888671875
0.85302734375
0.83056640625
0.8623046875
0.8447265625
0.84619140625
0.822265625
0.82421875
0.83251953125
0.83984375
0.8125
0.80126953125
0.81298828125
0.80517578125
0.80517578125
0.8203125
0.82470703125
0.83251953125
0.8125
0.82275390625
0.83984375
0.82373046875
0.82275390625
0.82861328125
0.83251953125
0.8076171875
0.81884765625
0.826171875
0.84033203125
0.84716796875
0.87109375
0.8525390625
0.845703125
0.8388671875
0.83740234375
0.84375
0.86962890625
0.87158203125
0.8525390625
0.85205078125
0.83154296875
0.85888671875
0.85546875
0.85888671875
0.84423828125
0.84130859375
0.83251953125
0.84765625
0.8193359375
0.8310546875
0.82958984375
0.84375
0.8671875
