0.892
0.8984
0.8752
0.8768
0.8848
0.888
0.8776
0.8384
0.844
0.8544
0.8424
0.8528
0.8776
0.8736
0.872
0.8952
0.8968
0.8896
0.8888
0.8824
0.8824
0.876
0.8552
0.8216
0.84
0.8672
0.8544
0.8912
0.9064
0.8848
0.8936
0.9048
0.8976
0.8744
0.8752
0.868
0.8432
0.8632
0.8688
0.8928
0.892
0.8632
0.8392
0.8688
0.912
0.8904
0.8832
0.8704
0.8456
0.8736
0.8504
0.8728
0.8864
0.8752
0.8688
0.86
0.8552
0.848
0.8576
0.8792
0.8752
0.904
0.8904
0.8696
0.8472
0.876
0.8776
0.852
0.852
0.8488
0.8432
0.7864
0.8136
0.8064
0.7976
0.8368
0.836
0.836
0.8408
0.8
0.8296
0.8504
0.8464
0.8616
0.8584
0.8592
0.8904
0.8904
0.8512
0.8672
0.8576
0.884
0.8592
0.8504
0.832
0.8536
0.8512
0.8304
0.8136
0.8184
0.8032
0.82
0.8376
0.8728
0.8568
0.8696
0.856
0.8776
0.8952
0.8792
0.8552
0.8432
0.8424
0.8712
0.8608
0.8784
0.8856
0.8896
0.8864
0.8616
0.8952
0.8968
0.9016
0.8728
0.8928
0.8808
0.8848
0.904
0.8944
0.8808
0.864
0.884
0.8624
0.8608
0.8512
0.84
0.8624
0.8296
0.8416
0.8088
0.8112
0.8048
0.78
0.7656
0.7584
0.7688
0.7664
0.7776
0.7712
0.7512
0.7328
0.7784
0.7712
0.7504
0.7784
0.7824
0.764
0.7416
0.744
0.7768
0.7888
0.772
0.7888
0.812
0.7952
0.8
0.8064
0.7792
0.8024
0.8
0.7936
0.8112
0.8032
0.792
0.7544
0.7616
0.7336
0.808
0.8016
0.7896
0.7872
0.7824
0.784
0.8392
0.8144
0.8256
0.828
0.824
0.836
0.8208
0.8176
0.796
0.7976
0.8008
0.812
0.7856
0.8008
0.8048
0.7984
0.8296
0.8504
0.8448
0.8664
0.8656
0.872
0.884
0.8824
0.8624
0.8728
0.8528
0.8352
0.8096
0.8264
0.808
0.8488
0.8504
0.8608
0.8576
0.8616
0.8512
0.8512
0.7952
0.86
0.8744
0.8944
0.8944
0.8736
0.8848
0.868
0.8568
0.8384
0.8216
0.7968
0.8128
0.8688
0.8768
0.876
0.8672
0.8296
0.8424
0.8352
0.82
0.8104
0.8296
0.8328
0.8296
0.832
0.8272
0.8152
0.844
0.8576
0.8424
0.828
0.8328
0.8496
0.8336
0.8248
0.812
0.8096
0.8216
0.8336
0.8536
0.8472
0.8456
0.8728
0.8616
0.864
0.8624
0.848
0.844
0.824
0.8368
0.8616
0.8272
0.852
0.8608
0.8528
0.848
0.8696
0.8592
0.8344
0.8184
0.8352
0.8504
0.8496
0.8648
0.852
0.872
0.8736
0.8664
0.8544
0.8784
0.888
0.8584
0.8656
0.8784
0.8696
0.8496
0.844
0.812
0.836
0.8528
0.82
0.8104
0.8416
0.8496
0.864
0.8856
0.888
0.9168
0.8992
0.8768
0.9032
0.8928
0.8752
0.8656
0.8792
0.892
0.9008
0.9024
0.8768
0.8944
0.8864
0.892
0.8712
0.8976
0.9
0.8736
0.8776
0.8384
0.8168
0.8368
0.8416
0.8208
0.8232
0.8248
0.804
0.8016
0.8296
0.876
0.88
0.8736
0.8496
0.8544
0.8648
0.844
0.8592
0.856
0.8176
0.8272
0.8376
0.8488
0.8328
0.8704
0.896
0.8544
0.8768
0.8848
0.8648
0.8392
0.8552
0.8832
0.8896
0.8816
0.8784
0.8728
0.9048
0.8888
0.9112
0.8896
0.8848
0.88
0.8704
0.864
0.876
0.8696
0.8768
0.8632
0.8688
0.8672
0.8792
0.8528
0.8432
0.8576
0.856
0.8536
0.8864
0.8696
0.8528
0.8408
0.888
0.8792
0.8768
0.9096
0.8824
0.8944
0.904
0.896
0.888
0.8896
0.8904
0.8648
0.8728
0.8856
0.8688
0.88
0.8856
0.8872
0.8808
0.8768
0.8912
0.864
0.8528
0.8496
0.8496
0.8536
0.844
0.8632
0.8528
0.84
0.8408
0.832
0.8264
0.8136
0.768
0.7976
0.812
0.8
0.7768
0.7536
0.7752
0.7704
0.8408
0.86
0.872
0.8472
0.876
0.8624
0.8656
0.8768
0.8776
0.844
0.8544
0.82
0.8272
0.8304
0.8464
0.8552
0.852
0.8192
0.8568
0.8256
0.8048
0.8024
0.7816
0.8104
0.7976
0.8384
0.8592
0.8568
0.8472
0.8448
0.8272
0.7992
0.7808
0.8024
0.8152
0.8128
0.7936
0.752
0.7728
0.7328
0.7512
0.7656
0.768
0.7792
0.828
0.8096
0.816
0.8232
0.8352
0.8304
0.8528
0.8792
0.88
0.8688
0.8576
0.8608
0.8616
0.8648
0.864
0.8976
0.8824
0.8744
0.844
0.8448
0.8752
0.8688
0.8672
0.8512
0.86
0.8584
0.8224
0.8208
0.8608
0.8744
0.868
0.8624
0.8368
0.8344
0.84
0.832
0.8368
0.8984
0.8928
0.8704
0.8824
0.876
0.856
0.8672
0.8608
0.844
0.8664
0.8656
0.8832
0.8992
0.8688
0.8904
0.8928
0.8416
0.7928
0.808
0.8456
0.8496
0.8576
0.8792
0.8992
0.8824
0.872
0.8832
0.86
0.872
0.8752
0.8416
0.8616
0.8968
0.8824
0.884
0.8336
0.8656
0.8688
0.848
0.8352
0.8616
0.8448
0.8368
0.8568
0.848
0.836
0.84
0.8408
0.8456
0.8384
0.88
0.8488
0.8232
0.8088
0.8024
0.832
0.8496
0.872
0.8832
0.848
0.8408
0.8568
0.8744
0.8624
0.8624
0.86
0.8664
0.876
0.8912
0.9016
0.8888
0.8784
0.864
0.8248
0.8
0.8048
0.7904
0.8208
0.8216
0.7944
0.7696
0.7472
0.7344
0.772
0.8072
0.8376
0.82
0.8264
0.792
0.8152
0.7968
0.7928
0.8544
0.852
0.86
0.8928
0.904
0.9016
0.8752
0.8656
0.8768
0.8792
0.8544
0.8472
0.8392
0.8784
0.8808
0.8696
0.8552
0.8944
0.8664
0.824
0.8312
0.8064
0.8336
0.8168
0.8112
0.8464
0.8768
0.8856
0.8632
0.8744
0.8624
0.868
0.8592
0.8552
0.868
0.8736
0.8832
0.868
0.8672
0.8784
0.8816
0.8552
0.8728
0.8848
0.8824
0.864
0.8616
0.8584
0.8592
0.8704
0.8976
0.8776
0.8456
0.8544
0.8744
0.8864
0.8856
0.876
0.872
0.8704
0.9096
0.9304
0.8904
0.8888
0.888
0.8904
0.8872
0.896
0.864
0.8632
0.8696
0.8272
0.8544
0.8704
0.8592
0.848
0.8824
0.8752
0.8584
0.8664
0.8728
0.8712
0.8632
0.8792
0.8928
0.8688
0.872
0.86
0.8512
0.8616
0.8728
0.8736
0.8864
0.8608
0.8952
0.868
0.8664
0.888
0.8688
0.8576
0.836
0.832
0.7792
0.7864
0.7952
0.8248
0.852
0.8112
0.8656
0.8816
0.8712
0.8744
0.8912
0.8864
0.8856
0.9008
0.912
0.892
0.9024
0.8848
0.8984
0.8856
0.8744
0.868
0.8832
0.8904
0.8696
0.88
0.8856
0.8536
0.8584
0.84
0.86
0.8376
0.8696
0.868
0.8472
0.8536
0.8496
0.816
0.8224
0.8272
0.8096
0.8392
0.8392
0.8512
0.8712
0.8368
0.8128
0.8328
0.8656
0.8904
0.86
0.8512
0.844
0.8464
0.8656
0.844
0.8088
0.84
0.836
0.8128
0.7928
0.8088
0.8304
0.8608
0.8568
0.8352
0.848
0.8408
0.8624
0.8632
0.8752
0.8464
0.86
0.856
0.8336
0.8488
0.8624
0.884
0.9032
0.88
0.8696
0.8736
0.9048
0.8792
0.8568
0.8584
0.8344
0.828
0.824
0.8408
0.8624
0.8888
0.892
0.9024
0.892
0.872
0.8896
0.8672
0.8464
0.8344
0.8736
0.8736
0.8952
0.8648
0.8752
0.8688
0.8488
0.8648
0.8568
0.84
0.8704
0.876
0.8616
0.8728
0.8688
0.8592
0.8592
0.8784
0.8528
0.8376
0.8352
0.8584
0.8664
0.8416
0.8848
0.8832
0.868
0.8592
0.8608
0.84
0.8824
0.8864
0.856
0.8656
0.8624
0.8864
0.88
0.8728
0.8416
0.8656
0.8792
0.8488
0.8336
0.8344
0.8064
0.8288
0.8416
0.86
0.872
0.8528
0.8392
0.8296
0.8464
0.8552
0.8424
0.8528
0.8752
0.8752
0.8728
0.8552
0.8288
0.8088
0.8408
0.8392
0.864
0.8584
0.824
0.8416
0.8536
0.8544
0.8712
0.8592
0.8664
0.8936
0.8776
0.8696
0.8952
0.86
0.824
0.8408
0.8496
0.844
0.8456
0.8872
0.9048
0.888
0.8648
0.8592
0.8624
0.8552
0.856
0.8552
0.864
0.8488
0.8664
0.8512
0.8616
0.8448
0.8232
0.84
0.8224
0.8328
0.844
0.844
0.8424
0.8048
0.8112
0.8336
0.816
0.8168
0.8296
0.8216
0.8288
0.8448
0.8344
0.844
0.8576
0.844
0.8576
0.8696
0.8648
0.8744
0.8656
0.8736
0.8824
0.8288
0.8392
0.8728
0.872
0.8368
0.8248
0.86
0.8736
0.832
0.8248
0.852
0.876
0.8672
0.8656
0.876
0.8664
0.84
0.8352
0.84
0.844
0.8856
0.8528
0.8328
0.8008
0.8
0.8
0.8168
0.8144
0.8568
0.8816
0.8544
0.848
0.876
0.8592
0.8616
0.8576
0.8192
0.8104
0.796
0.788
0.796
0.7816
0.8152
0.8184
0.7824
0.7736
0.7792
0.7912
0.7936
0.8224
0.8344
0.8344
0.8648
0.8552
0.8688
0.864
0.8552
0.86
0.8752
0.8664
0.8664
0.872
0.868
0.856
0.8344
0.84
0.8312
0.844
