0.029296875
0.0205078125
0.0322265625
0.00244140625
0.01123046875
0.0234375
0.02392578125
0.0546875
0.0146484375
0.00732421875
0.068359375
0.07177734375
0.04150390625
0.0126953125
0.013671875
0.03076171875
0.0234375
0.0078125
0.009765625
0.01708984375
0.03466796875
0.01513671875
0.01708984375
0.08251953125
0.1171875
0.11279296875
0.12646484375
0.10693359375
0.11328125
0.0947265625
0.11181640625
0.14453125
0.1357421875
0.13525390625
0.1328125
0.16650390625
0.16748046875
0.1552734375
0.1171875
0.14599609375
0.13916015625
0.16357421875
0.1611328125
0.1533203125
0.20068359375
0.21533203125
0.25537109375
0.32763671875
0.37109375
0.3115234375
0.283203125
0.31689453125
0.3125
0.37451171875
0.36376953125
0.38037109375
0.41064453125
0.38720703125
0.39892578125
0.40234375
0.4091796875
0.43408203125
0.41748046875
0.39892578125
0.419921875
0.46337890625
0.49951171875
0.513671875
0.4765625
0.51416015625
0.529296875
0.50146484375
0.52978515625
0.5380859375
0.56689453125
0.5361328125
0.54150390625
0.56103515625
0.5263671875
0.56005859375
0.5478515625
0.60498046875
0.62060546875
0.630859375
0.625
0.63720703125
0.693359375
0.67822265625
0.63720703125
0.6640625
0.6806640625
0.7099609375
0.7275390625
0.72412109375
0.74609375
0.76318359375
0.7509765625
0.73486328125
0.72412109375
0.7431640625
0.7099609375
0.6650390625
0.6787109375
0.66552734375
0.65478515625
0.62060546875
0.60986328125
0.6025390625
0.6005859375
0.61279296875
0.60009765625
0.60205078125
0.61083984375
0.6435546875
0.62646484375
0.6025390625
0.60107421875
0.60302734375
0.60400390625
0.6201171875
0.6025390625
0.6220703125
0.59375
0.63916015625
0.6064453125
0.6552734375
0.61181640625
0.60986328125
0.6484375
0.63427734375
0.68408203125
0.6611328125
0.64013671875
0.6484375
0.60595703125
0.6025390625
0.6044921875
0.63818359375
0.67919921875
0.654296875
0.66162109375
0.66064453125
0.673828125
0.66357421875
0.64794921875
0.66943359375
0.66748046875
0.67529296875
0.7109375
0.7177734375
0.74267578125
0.736328125
0.7197265625
0.72021484375
0.73974609375
0.7548828125
0.74072265625
0.75
0.7177734375
0.69091796875
0.6953125
0.67041015625
0.66943359375
0.66943359375
0.63671875
0.64013671875
0.66015625
0.63525390625
0.6201171875
0.64013671875
0.6298828125
0.6279296875
0.6083984375
0.6083984375
0.62841796875
0.66015625
0.64697265625
0.62451171875
0.59521484375
0.65087890625
0.65625
0.61962890625
0.57763671875
0.58349609375
0.5302734375
0.548828125
0.6259765625
0.669921875
0.6708984375
0.7177734375
0.712890625
0.74560546875
0.70654296875
0.6943359375
0.7080078125
0.697265625
0.66796875
0.66357421875
0.67724609375
0.65771484375
0.6591796875
0.6357421875
0.67041015625
0.6826171875
0.69677734375
0.724609375
0.72314453125
0.73291015625
0.69873046875
0.71728515625
0.68310546875
0.66259765625
0.67431640625
0.66650390625
0.66259765625
0.62744140625
0.62451171875
0.603515625
0.572265625
0.57470703125
0.5732421875
0.59716796875
0.623046875
0.6435546875
0.6142578125
0.59814453125
0.630859375
0.67236328125
0.68505859375
0.69091796875
0.69287109375
0.71240234375
0.68017578125
0.6865234375
0.66015625
0.64306640625
0.62646484375
0.5859375
0.61376953125
0.58642578125
0.61181640625
0.63134765625
0.6220703125
0.626953125
0.6279296875
0.607421875
0.60888671875
0.5712890625
0.5546875
0.595703125
0.59912109375
0.583984375
0.56494140625
0.58740234375
0.59619140625
0.56298828125
0.5498046875
0.5546875
0.5556640625
0.56005859375
0.533203125
0.53173828125
0.5498046875
0.49853515625
0.48876953125
0.5
0.55615234375
0.5615234375
0.55126953125
0.57421875
0.5771484375
0.5595703125
0.58154296875
0.5751953125
0.54443359375
0.548828125
0.51953125
0.55126953125
0.5537109375
0.57568359375
0.58251953125
0.595703125
0.55615234375
0.5634765625
0.57763671875
0.60009765625
0.548828125
0.53466796875
0.560546875
0.57763671875
0.5234375
0.52734375
0.57958984375
0.6103515625
0.66162109375
0.6298828125
0.630859375
0.64306640625
0.623046875
0.6318359375
0.61767578125
0.634765625
0.65576171875
0.666015625
0.64599609375
0.68017578125
0.67236328125
0.6904296875
0.67578125
0.673828125
0.63720703125
0.6630859375
0.65478515625
0.65380859375
0.65771484375
0.63427734375
0.6005859375
0.6044921875
0.51611328125
0.47607421875
0.46484375
0.47900390625
0.5
0.5517578125
0.5439453125
0.52685546875
0.5244140625
0.533203125
0.55810546875
0.5361328125
0.5185546875
0.44482421875
0.47705078125
0.5029296875
0.48388671875
0.474609375
0.462890625
0.4501953125
0.49365234375
0.4892578125
0.4794921875
0.45263671875
0.4462890625
0.4140625
0.439453125
0.43310546875
0.41650390625
0.4111328125
0.4326171875
0.46875
0.4453125
0.4892578125
0.50341796875
0.50244140625
0.53564453125
0.51416015625
0.5263671875
0.5244140625
0.5341796875
0.53369140625
0.5029296875
0.51171875
0.51171875
0.53125
0.5068359375
0.49609375
0.5224609375
0.52685546875
0.53466796875
0.56982421875
0.56494140625
0.54345703125
0.548828125
0.54833984375
0.5322265625
0.51806640625
0.5087890625
0.5419921875
0.5185546875
0.56103515625
0.55126953125
0.57763671875
0.58349609375
0.60498046875
0.60791015625
0.58447265625
0.630859375
0.6142578125
0.59375
0.5927734375
0.56689453125
0.56689453125
0.57861328125
0.55908203125
0.5234375
0.46923828125
0.4970703125
0.49267578125
0.4521484375
0.47216796875
0.47802734375
0.51416015625
0.51953125
0.52392578125
0.5400390625
0.5517578125
0.537109375
0.5380859375
0.52587890625
0.509765625
0.517578125
0.48583984375
0.5185546875
0.49169921875
0.45703125
0.4521484375
0.42822265625
0.396484375
0.38671875
0.357421875
0.32275390625
0.27099609375
0.29443359375
0.302734375
0.2841796875
0.30126953125
0.26513671875
0.27783203125
0.2880859375
0.275390625
0.2705078125
0.28271484375
0.296875
0.31787109375
0.33447265625
0.30322265625
0.30859375
0.3427734375
0.34619140625
0.37158203125
0.359375
0.3173828125
0.35986328125
0.39794921875
0.4462890625
0.44970703125
0.4267578125
0.4111328125
0.4296875
0.42333984375
0.46630859375
0.49462890625
0.486328125
0.4794921875
0.44970703125
0.4365234375
0.43896484375
0.44970703125
0.4345703125
0.49169921875
0.50048828125
0.44482421875
0.427734375
0.41943359375
0.39111328125
0.361328125
0.35498046875
0.35693359375
0.33984375
0.36767578125
0.39013671875
0.37060546875
0.37890625
0.40625
0.42138671875
0.43359375
0.396484375
0.39990234375
0.4287109375
0.40673828125
0.4072265625
0.412109375
0.38232421875
0.42724609375
0.4140625
0.42724609375
0.43212890625
0.44384765625
0.44287109375
0.44921875
0.49560546875
0.46923828125
0.4326171875
0.3740234375
0.38916015625
0.41845703125
0.43603515625
0.376953125
0.4091796875
0.41650390625
0.39501953125
0.39599609375
0.40869140625
0.3828125
0.369140625
0.384765625
0.4130859375
0.41455078125
0.42822265625
0.482421875
0.47021484375
0.50927734375
0.50341796875
0.54052734375
0.576171875
0.5966796875
0.5810546875
0.6142578125
0.58447265625
0.546875
0.56201171875
0.5654296875
0.55859375
0.55810546875
0.5458984375
0.5341796875
0.537109375
0.5166015625
0.46240234375
0.43212890625
0.3740234375
0.3486328125
0.33056640625
0.34228515625
0.306640625
0.33837890625
0.31494140625
0.35107421875
0.3193359375
0.330078125
0.29931640625
0.3310546875
0.35302734375
0.31982421875
0.30908203125
0.3193359375
0.30224609375
0.29345703125
0.28955078125
0.2373046875
0.25341796875
0.2802734375
0.2685546875
0.28369140625
0.27587890625
0.2724609375
0.2607421875
0.28857421875
0.30810546875
0.31982421875
0.3115234375
0.3125
0.333984375
0.361328125
0.3515625
0.3583984375
0.40087890625
0.39599609375
0.36572265625
0.31640625
0.29833984375
0.28466796875
0.32861328125
0.369140625
0.3916015625
0.41259765625
0.37548828125
0.39794921875
0.38623046875
0.37548828125
0.3662109375
0.36669921875
0.35400390625
0.357421875
0.3134765625
0.279296875
0.27978515625
0.30615234375
0.3369140625
0.3603515625
0.38330078125
0.37255859375
0.3720703125
0.439453125
0.40869140625
0.43505859375
0.42236328125
0.41845703125
0.4296875
0.44873046875
0.466796875
0.5009765625
0.4990234375
0.5224609375
0.53662109375
0.501953125
0.55859375
0.58544921875
0.6044921875
0.6005859375
0.57470703125
0.55908203125
0.5185546875
0.54248046875
0.52197265625
0.47705078125
0.4755859375
0.46337890625
0.41162109375
0.41455078125
0.40625
0.4013671875
0.40673828125
0.3974609375
0.4560546875
0.44384765625
0.4150390625
0.4580078125
0.458984375
0.48681640625
0.48193359375
0.4658203125
0.45849609375
0.43603515625
0.42333984375
0.4443359375
0.3984375
0.421875
0.43115234375
0.41455078125
0.3916015625
0.39599609375
0.44482421875
0.44970703125
0.45751953125
0.43896484375
0.4189453125
0.4462890625
0.453125
0.45458984375
0.42041015625
0.443359375
0.451171875
0.47119140625
0.44287109375
0.41796875
0.40673828125
0.3935546875
0.39453125
0.423828125
0.4599609375
0.44873046875
0.44921875
0.46142578125
0.46826171875
0.4599609375
0.48291015625
0.4970703125
0.46923828125
0.42041015625
0.42724609375
0.44482421875
0.45849609375
0.46923828125
0.45654296875
0.4384765625
0.44384765625
0.47607421875
0.49853515625
0.501953125
0.47021484375
0.49365234375
0.501953125
0.4638671875
0.416015625
0.4384765625
0.40869140625
0.431640625
0.40478515625
0.39208984375
0.40087890625
0.4130859375
0.4521484375
0.47607421875
0.4169921875
0.4072265625
0.4013671875
0.39990234375
0.4306640625
0.41943359375
0.427734375
0.435546875
0.46435546875
0.4619140625
0.4775390625
0.4873046875
0.51611328125
0.5234375
0.53369140625
0.57080078125
0.57568359375
0.54443359375
0.51416015625
0.46142578125
0.453125
0.49609375
0.4560546875
0.40966796875
0.3740234375
0.3828125
0.4013671875
0.40234375
0.423828125
0.384765625
0.38427734375
0.43896484375
0.39306640625
0.42724609375
0.49365234375
0.54541015625
0.541015625
0.51025390625
0.55810546875
0.5419921875
0.5341796875
0.5302734375
0.49853515625
0.5087890625
0.50732421875
0.47705078125
0.4169921875
0.39453125
0.3447265625
0.326171875
0.27978515625
0.2841796875
0.28271484375
0.25732421875
0.19580078125
0.2294921875
0.23095703125
0.177734375
0.166015625
0.14599609375
0.1357421875
0.15234375
0.130859375
0.1455078125
0.18603515625
0.173828125
0.14892578125
0.11328125
0.1279296875
0.11328125
0.13330078125
0.11962890625
0.18701171875
0.21484375
0.21044921875
0.2197265625
0.2353515625
0.25
0.24951171875
0.294921875
0.32373046875
0.30224609375
0.33447265625
0.2958984375
0.29833984375
0.30029296875
0.27734375
0.25732421875
0.24560546875
0.2490234375
0.216796875
0.20458984375
0.2197265625
0.19140625
0.2041015625
0.197265625
0.2216796875
0.22998046875
0.21484375
0.21533203125
0.24462890625
0.23486328125
0.24267578125
0.251953125
0.22705078125
0.22998046875
0.205078125
0.216796875
0.17529296875
0.1875
0.24169921875
0.251953125
0.21337890625
0.17724609375
0.15185546875
0.18994140625
0.140625
0.13037109375
0.11083984375
0.11572265625
0.06689453125
0.1015625
0.095703125
0.1044921875
0.16943359375
0.19677734375
0.18115234375
0.17919921875
0.15087890625
0.1640625
0.18701171875
0.19384765625
0.23486328125
0.2255859375
0.22021484375
0.169921875
0.12109375
0.1455078125
0.16796875
0.18310546875
0.2451171875
0.22216796875
0.21044921875
0.2626953125
0.349609375
0.32470703125
0.3193359375
0.33740234375
0.34228515625
0.302734375
0.30517578125
0.31640625
0.291015625
0.2939453125
0.28955078125
0.3349609375
0.31689453125
0.36865234375
0.37451171875
0.384765625
0.390625
0.38037109375
0.36083984375
0.32666015625
0.34228515625
0.296875
0.2705078125
0.26171875
0.25439453125
0.30029296875
0.28125
0.2919921875
0.27197265625
0.248046875
0.27490234375
0.2919921875
0.22705078125
0.326171875
0.32080078125
0.33740234375
0.3447265625
0.3583984375
0.36474609375
0.3544921875
0.34814453125
0.35205078125
0.37841796875
0.373046875
0.40380859375
0.4404296875
0.46435546875
0.46826171875
0.43017578125
0.44482421875
0.41796875
0.44677734375
0.43798828125
0.47802734375
0.474609375
0.45947265625
0.45068359375
0.4189453125
0.41796875
0.404296875
0.4228515625
0.40478515625
0.44775390625
0.4267578125
0.38525390625
0.4150390625
0.42236328125
0.40478515625
0.40771484375
0.39404296875
0.44580078125
0.44482421875
0.470703125
0.48583984375
0.5322265625
0.548828125
0.541015625
0.54052734375
0.52685546875
0.50146484375
0.48193359375
0.4990234375
0.52294921875
0.47265625
0.5400390625
0.55224609375
0.5771484375
0.60009765625
0.60400390625
0.6103515625
0.615234375
0.6279296875
0.62841796875
0.638671875
0.64111328125
0.65966796875
0.65185546875
0.65380859375
0.63623046875
0.65673828125
0.67236328125
0.69921875
0.7177734375
0.724609375
0.71435546875
0.71728515625
0.734375
0.72998046875
0.74267578125
0.7177734375
0.681640625
0.68115234375
0.7001953125
0.705078125
0.67822265625
0.6298828125
0.6435546875
0.654296875
0.65625
0.64453125
0.66650390625
0.6796875
0.66162109375
0.66943359375
0.666015625
0.6640625
0.65234375
0.6220703125
0.60986328125
0.625
0.62939453125
0.62744140625
0.64013671875
0.60986328125
0.595703125
0.57421875
0.6044921875
0.60400390625
0.615234375
0.5888671875
0.6083984375
0.58203125
0.603515625
0.60205078125
0.59423828125
0.63818359375
0.58544921875
0.59033203125
0.58056640625
0.572265625
0.58984375
0.57080078125
0.59033203125
0.5615234375
0.54248046875
0.5087890625
0.556640625
0.54345703125
0.55322265625
0.54833984375
0.49853515625
0.49560546875
