0.72705078125
0.736328125
0.7255859375
0.72314453125
0.70849609375
0.70068359375
0.7109375
0.6884765625
0.6787109375
0.7177734375
0.67041015625
0.62353515625
0.63525390625
0.67529296875
0.66796875
0.689453125
0.69580078125
0.69970703125
0.68408203125
0.66650390625
0.70361328125
0.69091796875
0.728515625
0.70654296875
0.72265625
0.6875
0.681640625
0.6787109375
0.6923828125
0.68359375
0.68212890625
0.6494140625
0.65673828125
0.67822265625
0.69091796875
0.6923828125
0.72021484375
0.70947265625
0.7412109375
0.755859375
0.73828125
0.72216796875
0.71337890625
0.72607421875
0.7470703125
0.76416015625
0.77734375
0.78857421875
0.7548828125
0.71728515625
0.74560546875
0.73291015625
0.75048828125
0.73828125
0.75
0.70556640625
0.71630859375
0.72314453125
0.75244140625
0.7587890625
0.763671875
0.767578125
0.7431640625
0.75048828125
0.73876953125
0.7255859375
0.73193359375
0.74853515625
0.73046875
0.7236328125
0.72509765625
0.74951171875
0.7158203125
0.7041015625
0.7080078125
0.7255859375
0.71728515625
0.7314453125
0.708984375
0.69580078125
0.689453125
0.6943359375
0.69287109375
0.67919921875
0.63720703125
0.66064453125
0.67919921875
0.6953125
0.67578125
0.658203125
0.64990234375
0.6884765625
0.68701171875
0.65625
0.658203125
0.662109375
0.67626953125
0.6904296875
0.6865234375
0.6904296875
0.6806640625
0.689453125
0.6982421875
0.71826171875
0.75048828125
0.734375
0.71484375
0.72265625
0.73388671875
0.71240234375
0.71630859375
0.68994140625
0.68408203125
0.71826171875
0.73291015625
0.77099609375
0.74658203125
0.68896484375
0.7119140625
0.693359375
0.68701171875
0.6953125
0.7041015625
0.69580078125
0.7177734375
0.71923828125
0.703125
0.69482421875
0.71728515625
0.720703125
0.72509765625
0.720703125
0.72998046875
0.7001953125
0.71630859375
0.69580078125
0.70849609375
0.728515625
0.72802734375
0.7177734375
0.72802734375
0.75927734375
0.7783203125
0.78271484375
0.765625
0.7607421875
0.77392578125
0.74609375
0.77734375
0.76123046875
0.71240234375
0.68505859375
0.6748046875
0.69189453125
0.6796875
0.69580078125
0.69189453125
0.68212890625
0.69482421875
0.66796875
0.68505859375
0.72998046875
0.724609375
0.74951171875
0.73291015625
0.73046875
0.7373046875
0.72900390625
0.74560546875
0.74853515625
0.701171875
0.72021484375
0.75
0.7373046875
0.72412109375
0.7646484375
0.7548828125
0.74462890625
0.73486328125
0.7353515625
0.73486328125
0.736328125
0.6923828125
0.681640625
0.689453125
0.70654296875
0.7275390625
0.70166015625
0.720703125
0.70458984375
0.6923828125
0.70263671875
0.72607421875
0.74169921875
0.74755859375
0.71826171875
0.76708984375
0.724609375
0.759765625
0.7685546875
0.7392578125
0.74560546875
0.7451171875
0.72314453125
0.72119140625
0.701171875
0.724609375
0.73486328125
0.72900390625
0.7138671875
0.6923828125
0.68115234375
0.65771484375
0.68408203125
0.66015625
0.68212890625
0.69189453125
0.71533203125
0.7421875
0.73046875
0.7275390625
0.73388671875
0.728515625
0.73876953125
0.7109375
0.70947265625
0.689453125
0.6728515625
0.689453125
0.71435546875
0.69140625
0.73193359375
0.75146484375
0.73681640625
0.72509765625
0.7529296875
0.75146484375
0.77880859375
0.7646484375
0.75927734375
0.80322265625
0.79833984375
0.814453125
0.81640625
0.74853515625
0.712890625
0.69140625
0.7177734375
0.708984375
0.6904296875
0.701171875
0.71533203125
0.71826171875
0.7138671875
0.7138671875
0.701171875
0.71875
0.7587890625
0.7802734375
0.80224609375
0.78466796875
0.79345703125
0.76953125
0.7607421875
0.75390625
0.7626953125
0.7373046875
0.7080078125
0.71875
0.7353515625
0.7353515625
0.72705078125
0.72802734375
0.71484375
0.71875
0.71142578125
0.703125
0.6796875
0.67431640625
0.689453125
0.6953125
0.7236328125
0.7451171875
0.76611328125
0.74609375
0.732421875
0.7041015625
0.68408203125
0.66259765625
0.62890625
0.662109375
0.70263671875
0.7119140625
0.7177734375
0.70458984375
0.705078125
0.72265625
0.7177734375
0.72021484375
0.7080078125
0.70068359375
0.720703125
0.7099609375
0.72607421875
0.74169921875
0.7783203125
0.77294921875
0.7705078125
0.77783203125
0.80419921875
0.77294921875
0.77001953125
0.78173828125
0.75927734375
0.79248046875
0.80810546875
0.79345703125
0.79638671875
0.76171875
0.7412109375
0.71337890625
0.7265625
0.71728515625
0.70068359375
0.68017578125
0.63916015625
0.63134765625
0.61474609375
0.6337890625
0.568359375
0.576171875
0.5458984375
0.564453125
0.54736328125
0.56982421875
0.59912109375
0.595703125
0.60205078125
0.615234375
0.62890625
0.619140625
0.6337890625
0.64794921875
0.60595703125
0.609375
0.58056640625
0.5849609375
0.56640625
0.57568359375
0.572265625
0.57421875
0.60595703125
0.5888671875
0.59326171875
0.56689453125
0.572265625
0.5595703125
0.58544921875
0.55126953125
0.564453125
0.57470703125
0.55712890625
0.56396484375
0.5771484375
0.52978515625
0.5546875
0.583984375
0.59033203125
0.615234375
0.62109375
0.5859375
0.57568359375
0.60205078125
0.61865234375
0.56689453125
0.6064453125
0.5966796875
0.58447265625
0.58251953125
0.611328125
0.5908203125
0.57958984375
0.56396484375
0.52783203125
0.49267578125
0.43994140625
0.4599609375
0.45556640625
0.4609375
0.47216796875
0.52880859375
0.54638671875
0.578125
0.57080078125
0.5869140625
0.57958984375
0.59228515625
0.57275390625
0.544921875
0.5380859375
0.578125
0.5830078125
0.56396484375
0.55615234375
0.51171875
0.4970703125
0.48583984375
0.43701171875
0.43896484375
0.41650390625
0.4072265625
0.37841796875
0.36865234375
0.36865234375
0.36279296875
0.359375
0.3974609375
0.39794921875
0.42431640625
0.43603515625
0.51513671875
0.49951171875
0.49560546875
0.47412109375
0.4931640625
0.4853515625
0.4794921875
0.46533203125
0.48828125
0.4765625
0.44873046875
0.4404296875
0.45068359375
0.48828125
0.482421875
0.48974609375
0.47998046875
0.509765625
0.52783203125
0.5224609375
0.50927734375
0.52490234375
0.52490234375
0.48681640625
0.5205078125
0.52880859375
0.560546875
0.533203125
0.56787109375
0.55908203125
0.60009765625
0.58837890625
0.5673828125
0.56298828125
0.53662109375
0.544921875
0.51806640625
0.52490234375
0.51953125
0.50732421875
0.4833984375
0.513671875
0.474609375
0.50244140625
0.5361328125
0.56298828125
0.56494140625
0.5791015625
0.59619140625
0.59375
0.61376953125
0.640625
0.6318359375
0.65185546875
0.66455078125
0.66259765625
0.638671875
0.64794921875
0.69189453125
0.68896484375
0.681640625
0.6982421875
0.677734375
0.7099609375
0.6943359375
0.73583984375
0.65966796875
0.658203125
0.646484375
0.6640625
0.689453125
0.6533203125
0.65771484375
0.62939453125
0.6328125
0.68115234375
0.6806640625
0.69873046875
0.69921875
0.68310546875
0.697265625
0.65966796875
0.6826171875
0.6748046875
0.658203125
0.662109375
0.673828125
0.67236328125
0.72802734375
0.71142578125
0.73779296875
0.73388671875
0.7451171875
0.7265625
0.75830078125
0.7353515625
0.72900390625
0.73388671875
0.712890625
0.673828125
0.68798828125
0.66015625
0.67822265625
0.708984375
0.7275390625
0.75244140625
0.7412109375
0.7587890625
0.76220703125
0.7568359375
0.751953125
0.75048828125
0.77099609375
0.77587890625
0.759765625
0.74755859375
0.75439453125
0.77978515625
0.80859375
0.8037109375
0.82177734375
0.8046875
0.78369140625
0.78564453125
0.77197265625
0.740234375
0.7412109375
0.76416015625
0.78955078125
0.79345703125
0.81201171875
0.7890625
0.79248046875
0.775390625
0.76416015625
0.7705078125
0.7255859375
0.7392578125
0.72607421875
0.70166015625
0.63037109375
0.63427734375
0.6259765625
0.59423828125
0.6083984375
0.61669921875
0.64892578125
0.6435546875
0.5986328125
0.63720703125
0.59326171875
0.58837890625
0.552734375
0.548828125
0.58642578125
0.61865234375
0.59716796875
0.5703125
0.591796875
0.59716796875
0.55224609375
0.5654296875
0.5625
0.56396484375
0.5732421875
0.56787109375
0.56982421875
0.5859375
0.59814453125
0.6015625
0.56591796875
0.52978515625
0.5380859375
0.54150390625
0.51025390625
0.529296875
0.529296875
0.57763671875
0.58544921875
0.61279296875
0.5849609375
0.5986328125
0.63720703125
0.6337890625
0.63134765625
0.62548828125
0.63427734375
0.6337890625
0.583984375
0.583984375
0.61181640625
0.65625
0.6953125
0.68701171875
0.6650390625
0.6572265625
0.62060546875
0.61181640625
0.615234375
0.625
0.5849609375
0.6064453125
0.60888671875
0.609375
0.6728515625
0.6572265625
0.66552734375
0.67626953125
0.6640625
0.67529296875
0.671875
0.65185546875
0.6650390625
0.68701171875
0.6611328125
0.6689453125
0.65771484375
0.68408203125
0.69287109375
0.6982421875
0.66748046875
0.64501953125
0.619140625
0.64990234375
0.64697265625
0.65478515625
0.66162109375
0.6474609375
0.626953125
0.6484375
0.646484375
0.62744140625
0.64306640625
0.59619140625
0.62890625
0.6181640625
0.607421875
0.60302734375
0.6083984375
0.619140625
0.62744140625
0.63525390625
0.64501953125
0.64697265625
0.64599609375
0.63720703125
0.6064453125
0.63134765625
0.63232421875
0.634765625
0.65185546875
0.62158203125
0.640625
0.650390625
0.63232421875
0.67138671875
0.68798828125
0.66162109375
0.638671875
0.662109375
0.6611328125
0.6875
0.728515625
0.73193359375
0.71044921875
0.7177734375
0.7255859375
0.748046875
0.7509765625
0.7333984375
0.72412109375
0.69287109375
0.66015625
0.6279296875
0.6298828125
0.65087890625
0.6533203125
0.6494140625
0.64013671875
0.658203125
0.66796875
0.6708984375
0.71142578125
0.693359375
0.71044921875
0.701171875
0.734375
0.734375
0.7451171875
0.76904296875
0.70703125
0.712890625
0.7470703125
0.72900390625
0.73046875
0.69677734375
0.71728515625
0.72802734375
0.73681640625
0.712890625
0.71875
0.72900390625
0.7099609375
0.685546875
0.64990234375
0.658203125
0.646484375
0.66552734375
0.6484375
0.69970703125
0.705078125
0.724609375
0.73876953125
0.70751953125
0.71240234375
0.71923828125
0.7294921875
0.740234375
0.73388671875
0.75390625
0.7353515625
0.73828125
0.7158203125
0.70361328125
0.71142578125
0.6416015625
0.68896484375
0.64794921875
0.6279296875
0.65283203125
0.685546875
0.69287109375
0.6884765625
0.70654296875
0.716796875
0.724609375
0.7197265625
0.7373046875
0.75634765625
0.77490234375
0.7607421875
0.75146484375
0.74462890625
0.72998046875
0.744140625
0.7744140625
0.75732421875
0.771484375
0.779296875
0.78955078125
0.7431640625
0.744140625
0.7412109375
0.73583984375
0.73095703125
0.6962890625
0.71484375
0.68212890625
0.685546875
0.65234375
0.630859375
0.6611328125
0.658203125
0.64306640625
0.62841796875
0.61669921875
0.62841796875
0.64794921875
0.63818359375
0.64892578125
0.68603515625
0.673828125
0.6328125
0.6513671875
0.6201171875
0.595703125
0.59912109375
0.5830078125
0.5771484375
0.583984375
0.5986328125
0.61083984375
0.57421875
0.61279296875
0.5595703125
0.5263671875
0.5419921875
0.54833984375
0.57421875
0.583984375
0.6328125
0.6083984375
0.62939453125
0.63525390625
0.61328125
0.623046875
0.580078125
0.5849609375
0.58642578125
0.57666015625
0.60546875
0.58837890625
0.61279296875
0.5615234375
0.56591796875
0.55908203125
0.599609375
0.583984375
0.5556640625
0.5439453125
0.5439453125
0.546875
0.5849609375
0.58056640625
0.58154296875
0.578125
0.56591796875
0.5947265625
0.58740234375
0.58203125
0.537109375
0.5673828125
0.5380859375
0.546875
0.52294921875
0.54443359375
0.53955078125
0.60888671875
0.5859375
0.62744140625
0.60888671875
0.61328125
0.58642578125
0.57763671875
0.5625
0.53759765625
0.51513671875
0.51904296875
0.552734375
0.5732421875
0.59033203125
0.55078125
0.53125
0.53466796875
0.53564453125
0.53125
0.5341796875
0.5458984375
0.5048828125
0.49658203125
0.466796875
0.4658203125
0.50634765625
0.53173828125
0.48828125
0.46875
0.48828125
0.49951171875
0.4912109375
0.4765625
0.4697265625
0.45849609375
0.43798828125
0.43408203125
0.44287109375
0.4365234375
0.4501953125
0.4345703125
0.42333984375
0.42578125
0.41455078125
0.41162109375
0.34228515625
0.3046875
0.31396484375
0.34033203125
0.31298828125
0.26416015625
0.2216796875
0.193359375
0.1787109375
0.18603515625
0.2236328125
0.21728515625
0.23876953125
0.25732421875
0.2783203125
0.3193359375
0.31005859375
0.33740234375
0.388671875
0.4052734375
0.36767578125
0.36572265625
0.3857421875
0.412109375
0.40673828125
0.4091796875
0.46630859375
0.47607421875
0.47998046875
0.4462890625
0.455078125
0.43505859375
0.42626953125
0.435546875
0.43310546875
0.439453125
0.48876953125
0.4853515625
0.49267578125
0.50439453125
0.5205078125
0.49169921875
0.49072265625
0.48974609375
0.4853515625
0.46875
0.41943359375
0.4228515625
0.45556640625
0.447265625
0.4580078125
0.455078125
0.4384765625
0.4638671875
0.44970703125
0.44287109375
0.4404296875
0.42626953125
0.42724609375
0.439453125
0.478515625
0.505859375
0.52734375
0.556640625
0.56982421875
0.56884765625
0.515625
0.5126953125
0.4990234375
0.5185546875
0.50634765625
0.52197265625
0.5361328125
0.515625
0.51220703125
0.5380859375
0.51123046875
0.4931640625
0.47998046875
0.5009765625
0.4912109375
0.48876953125
0.46875
0.47900390625
0.462890625
0.46875
0.49365234375
0.47412109375
0.47900390625
0.46630859375
0.4755859375
0.47900390625
0.4560546875
0.470703125
0.4755859375
0.4765625
0.5234375
0.50927734375
0.49462890625
0.48291015625
0.49658203125
0.5048828125
0.51953125
0.52783203125
0.54296875
0.54296875
0.5341796875
0.49853515625
