0.3744
0.4008
0.476
0.4728
0.4296
0.3976
0.36
0.3688
0.3536
0.3344
0.2856
0.3336
0.3464
0.3344
0.364
0.3904
0.3528
0.3584
0.3576
0.42
0.4128
0.4336
0.4624
0.4864
0.4984
0.528
0.576
0.5872
0.556
0.5808
0.6168
0.6416
0.6496
0.6768
0.644
0.64
0.6328
0.6144
0.6136
0.5912
0.6208
0.5632
0.5976
0.5768
0.5672
0.5504
0.556
0.5168
0.5336
0.5016
0.5344
0.556
0.58
0.544
0.5728
0.572
0.5576
0.604
0.592
0.6016
0.6024
0.6032
0.5744
0.5536
0.5224
0.5152
0.5416
0.5168
0.5024
0.4816
0.5096
0.5032
0.5384
0.54
0.5472
0.5344
0.5592
0.58
0.5528
0.588
0.4856
0.468
0.4888
0.4656
0.4768
0.4856
0.4856
0.4944
0.468
0.4688
0.48
0.5392
0.5352
0.5176
0.5584
0.5448
0.54
0.532
0.54
0.5112
0.5016
0.4952
0.532
0.5288
0.5816
0.624
0.588
0.5992
0.5928
0.568
0.528
0.5408
0.5464
0.5856
0.5736
0.5088
0.4768
0.4664
0.4776
0.5096
0.5192
0.5256
0.5128
0.532
0.5104
0.5408
0.5504
0.5952
0.6224
0.6032
0.64
0.5896
0.608
0.6232
0.6208
0.6728
0.664
0.648
0.6792
0.72
0.7376
0.7704
0.7736
0.7624
0.7912
0.7664
0.7392
0.6888
0.6984
0.6944
0.692
0.6896
0.6952
0.6152
0.6368
0.6136
0.596
0.592
0.572
0.5664
0.5936
0.5448
0.5576
0.5328
0.6008
0.6232
0.5984
0.5744
0.616
0.6424
0.6392
0.6336
0.6456
0.5976
0.64
0.616
0.6256
0.5944
0.5632
0.5904
0.6488
0.6792
0.7
0.7008
0.6976
0.6632
0.6296
0.6472
0.6464
0.6824
0.6736
0.6992
0.6824
0.7152
0.72
0.7312
0.728
0.7136
0.6656
0.6712
0.7064
0.6912
0.6648
0.6472
0.6456
0.6376
0.6736
0.6552
0.6728
0.6584
0.6584
0.6496
0.728
0.7272
0.7264
0.6912
0.6992
0.688
0.6704
0.6456
0.6744
0.7144
0.708
0.7112
0.716
0.66
0.676
0.6928
0.7152
0.6952
0.6376
0.6352
0.5864
0.6808
0.704
0.6792
0.72
0.6512
0.5976
0.5744
0.532
0.548
0.5488
0.5704
0.556
0.5456
0.5216
0.5128
0.5208
0.504
0.5432
0.5384
0.556
0.5456
0.5944
0.5736
0.5448
0.552
0.5656
0.5624
0.5672
0.5104
0.5504
0.4928
0.5528
0.5792
0.5784
0.6056
0.5952
0.6008
0.568
0.5872
0.6448
0.62
0.6168
0.62
0.596
0.624
0.6352
0.6704
0.6608
0.692
0.6632
0.5928
0.548
0.4952
0.5296
0.5688
0.544
0.5368
0.5072
0.468
0.4528
0.4752
0.4408
0.4328
0.4856
0.484
0.4432
0.44
0.4624
0.4256
0.448
0.4656
0.508
0.5512
0.5896
0.6248
0.6288
0.6624
0.652
0.6344
0.6544
0.6464
0.6576
0.604
0.6056
0.6448
0.7008
0.66
0.6752
0.6352
0.668
0.6976
0.684
0.6824
0.6632
0.672
0.6648
0.6672
0.6976
0.6912
0.6632
0.6712
0.7312
0.7032
0.6944
0.728
0.7624
0.784
0.7864
0.792
0.7896
0.7984
0.764
0.7776
0.7672
0.7384
0.7464
0.7168
0.6976
0.7464
0.7336
0.6816
0.6864
0.6656
0.6872
0.704
0.6536
0.6368
0.5456
0.5008
0.572
0.6016
0.5856
0.5872
0.5968
0.6016
0.6312
0.5632
0.6008
0.6088
0.556
0.6216
0.632
0.664
0.6528
0.6528
0.6328
0.596
0.584
0.5776
0.5832
0.6144
0.5696
0.5568
0.5824
0.588
0.6136
0.604
0.624
0.5344
0.5544
0.6024
0.5824
0.5736
0.5536
0.5264
0.5112
0.5056
0.4872
0.4688
0.5088
0.4968
0.5432
0.4936
0.52
0.5112
0.4664
0.4472
0.416
0.4336
0.5096
0.556
0.5696
0.5704
0.5688
0.5744
0.508
0.492
0.4528
0.4216
0.4168
0.3672
0.3616
0.3704
0.3592
0.3152
0.3512
0.3832
0.4192
0.4832
0.5264
0.5728
0.6176
0.6304
0.6328
0.648
0.6776
0.6928
0.6768
0.6592
0.6528
0.6608
0.6896
0.6624
0.6696
0.6472
0.6712
0.6576
0.6832
0.6952
0.692
0.7104
0.6808
0.6864
0.6992
0.6824
0.6528
0.6776
0.6488
0.6368
0.624
0.6352
0.5944
0.6056
0.5808
0.552
0.5656
0.5464
0.556
0.5536
0.4768
0.4552
0.432
0.42
0.4568
0.4336
0.4664
0.4672
0.5168
0.5152
0.4768
0.4608
0.4648
0.4168
0.3832
0.3792
0.3344
0.3192
0.276
0.2104
0.1768
0.1848
0.156
0.1568
0.112
0.1088
0.1
0.0576
0.0152
0.0032
0.0032
0.0416
0.028
0.0496
0.052
0.0344
0.044
0.044
0.0384
0.0264
0.0296
0.0592
0.1016
0.0296
0.044
0.0264
0.0304
0.0144
0.0192
0.0504
0.1176
0.1192
0.1344
0.0864
0.0584
0.0576
0.1224
0.1152
0.1304
0.1544
0.1864
0.1776
0.1144
0.0992
0.0984
0.1264
0.1544
0.1752
0.2504
0.2608
0.3264
0.3248
0.312
0.2984
0.2776
0.3488
0.3528
0.3984
0.3752
0.3376
0.3328
0.3184
0.3488
0.4256
0.4368
0.4808
0.4216
0.4152
0.452
0.448
0.5024
0.5592
0.564
0.536
0.5888
0.6
0.4944
0.4544
0.4384
0.4032
0.3872
0.3688
0.3536
0.396
0.4072
0.36
0.3208
0.2616
0.224
0.2328
0.1912
0.2216
0.1752
0.2016
0.18
0.1904
0.132
0.1824
0.1872
0.2032
0.1776
0.128
0.112
0.052
0.0744
0.0272
0.036
0.0528
0.0712
0.0984
0.0704
0.0136
0.0336
0.0512
0.0136
0.0272
0.0
0.0168
0.0192
0.0552
0.0496
0.02
0.0048
0.036
0.0392
0.0656
0.06
0.0696
0.1048
0.104
0.076
0.0424
0.068
0.0896
0.0496
0.0384
0.0528
0.052
0.0704
0.1016
0.0736
0.0744
0.0728
0.1072
0.1176
0.0288
0.024
0.0128
0.0368
0.096
0.0856
0.128
0.1672
0.172
0.1152
0.08
0.1096
0.0832
0.068
0.0712
0.0872
0.0624
0.0512
0.0624
0.1048
0.1328
0.1368
0.1616
0.1256
0.0896
0.0552
0.0368
0.052
0.12
0.1104
0.104
0.0408
0.0152
0.0096
0.0528
0.0712
0.0576
0.0088
0.0312
0.0432
0.0728
0.0008
0.0048
0.0176
0.0152
0.024
0.0056
0.0752
0.0304
0.0032
0.0688
0.048
0.0744
0.1016
0.1208
0.0584
0.0992
0.1056
0.1072
0.1192
0.1424
0.1848
0.2208
0.1728
0.1232
0.1304
0.1776
0.176
0.1752
0.192
0.2216
0.2424
0.2168
0.2072
0.1984
0.0888
0.1872
0.16
0.1744
0.2128
0.2176
0.1912
0.1856
0.1168
0.084
0.1248
0.1424
0.0656
0.0904
0.0416
0.0536
0.0912
0.1336
0.0712
0.0928
0.1856
0.1576
0.2144
0.2576
0.3008
0.3072
0.292
0.2184
0.1968
0.1648
0.2168
0.1656
0.088
0.0144
0.0264
0.016
0.0416
0.0712
0.0864
0.036
0.088
0.1448
0.1024
0.1432
0.1504
0.2144
0.2144
0.2368
0.3056
0.3592
0.34
0.2648
0.2616
0.2296
0.2456
0.2568
0.2544
0.2704
0.2968
0.3384
0.336
0.3272
0.3152
0.3464
0.3088
0.2616
0.2464
0.2576
0.3056
0.256
0.1608
0.1072
0.056
0.076
0.076
0.112
0.0168
0.06
0.0464
0.02
0.0296
0.0168
0.032
0.0728
0.02
0.0024
0.0056
0.0144
0.0024
0.0136
0.0552
0.0416
0.04
0.0032
0.0152
0.0272
0.0024
0.0104
0.0168
0.0136
0.0096
0.016
0.0088
0.0312
0.0696
0.0744
0.1216
0.196
0.1904
0.152
0.1672
0.1712
0.208
0.188
0.272
0.2496
0.2392
0.2976
0.32
0.3152
0.2776
0.2248
0.244
0.276
0.2432
0.2
0.3096
0.2848
0.2528
0.2032
0.1608
0.188
0.2024
0.236
0.3104
0.2744
0.24
0.2768
0.2504
0.2384
0.2064
0.2192
0.1928
0.1864
0.1624
0.2152
0.2344
0.2728
0.2928
0.2512
0.2272
0.2808
0.3568
0.3448
0.388
0.4064
0.4216
0.4072
0.456
0.4216
0.452
0.4504
0.4136
0.4248
0.3832
0.3304
0.3448
0.3448
0.4304
0.4
0.388
0.4416
0.4432
0.4808
0.4384
0.4648
0.4912
0.4368
0.3736
0.3744
0.32
0.2888
0.2904
0.2656
0.212
0.2496
0.2816
0.2808
0.3072
0.2608
0.22
0.2224
0.176
0.1512
0.0968
0.0584
0.0808
0.0736
0.06
0.0224
0.0712
0.0328
0.0128
0.0304
0.0392
0.0072
0.0208
0.1024
0.0688
0.1056
0.0304
0.0304
0.0272
0.0784
0.0488
0.008
0.0248
0.0416
0.0032
0.0376
0.0072
0.0872
0.116
0.1168
0.0584
0.0224
0.0088
0.0168
0.0272
0.0496
0.0176
0.0352
0.0776
0.136
0.1296
0.2144
0.2272
0.1768
0.1568
0.1736
0.1488
0.1872
0.2168
0.1888
0.2392
0.256
0.1952
0.2024
0.1648
0.1744
0.2056
0.1592
0.0808
0.1184
0.1888
0.2032
0.148
0.1136
0.1056
0.0976
0.0896
0.0872
0.132
0.1488
0.1336
0.1488
0.1512
0.1224
0.1
0.0856
0.0272
0.044
0.0448
0.0168
0.0592
0.096
0.1368
0.1608
0.1408
0.1632
0.196
0.2328
0.1976
0.1776
0.1872
0.2232
0.196
0.1752
