0.5056
0.4744
0.5016
0.4592
0.408
0.4144
0.3624
0.3752
0.3208
0.3272
0.3416
0.26
0.3168
0.3056
0.3088
0.3384
0.3064
0.304
0.3608
0.3504
0.4184
0.4232
0.432
0.4824
0.4728
0.5072
0.488
0.4304
0.4552
0.5048
0.4816
0.5248
0.5712
0.56
0.6
0.6488
0.6592
0.6808
0.7016
0.6432
0.6408
0.656
0.6112
0.6136
0.6152
0.6456
0.64
0.62
0.6064
0.6072
0.5848
0.6128
0.6432
0.6672
0.5992
0.608
0.5968
0.6064
0.6344
0.6536
0.6976
0.6864
0.6968
0.7024
0.6672
0.6344
0.6648
0.6496
0.6272
0.6056
0.6
0.648
0.6136
0.5784
0.5896
0.5896
0.5704
0.5448
0.4936
0.4872
0.4528
0.4192
0.3736
0.3192
0.284
0.2624
0.228
0.2544
0.2272
0.136
0.1792
0.2592
0.2048
0.2304
0.1888
0.1536
0.1936
0.1976
0.1904
0.192
0.1704
0.2
0.2936
0.2792
0.2528
0.2312
0.1984
0.24
0.284
0.3456
0.3112
0.3448
0.3664
0.3728
0.384
0.4008
0.46
0.444
0.396
0.368
0.3496
0.3944
0.4256
0.4152
0.4416
0.4376
0.4592
0.4528
0.4536
0.436
0.4656
0.4832
0.5256
0.5056
0.4552
0.4832
0.3792
0.4136
0.392
0.412
0.3696
0.368
0.3912
0.3464
0.3408
0.3536
0.2704
0.2576
0.3088
0.2784
0.2568
0.2808
0.2536
0.2512
0.2776
0.2808
0.224
0.1584
0.168
0.1376
0.1024
0.1264
0.144
0.1408
0.0688
0.1272
0.1208
0.1456
0.1944
0.1704
0.1784
0.192
0.1744
0.184
0.1776
0.1408
0.1232
0.1144
0.0832
0.052
0.0136
0.016
0.0488
0.0552
0.0896
0.1032
0.1464
0.156
0.1376
0.184
0.2208
0.2072
0.2456
0.3376
0.376
0.4072
0.4384
0.4096
0.4232
0.4008
0.3968
0.432
0.4352
0.38
0.4032
0.448
0.4016
0.4
0.4328
0.4424
0.4888
0.4144
0.4536
0.4424
0.4304
0.3464
0.3208
0.2808
0.2832
0.3304
0.3584
0.3192
0.308
0.3616
0.3672
0.3832
0.376
0.3984
0.4072
0.3704
0.3416
0.288
0.2736
0.2984
0.2488
0.2512
0.2696
0.3248
0.3112
0.2968
0.3176
0.3304
0.3944
0.3408
0.312
0.3296
0.3112
0.2616
0.1936
0.124
0.104
0.152
0.2256
0.2456
0.2312
0.2416
0.352
0.3632
0.3768
0.3752
0.3776
0.3624
0.3144
0.3168
0.3728
0.3848
0.3832
0.3632
0.352
0.4104
0.476
0.46
0.4296
0.424
0.4488
0.4168
0.376
0.3368
0.3432
0.4352
0.4464
0.4176
0.4176
0.4328
0.3864
0.4144
0.4224
0.3728
0.3552
0.28
0.3168
0.3176
0.2968
0.3224
0.288
0.3496
0.2936
0.3016
0.2152
0.2144
0.2432
0.192
0.232
0.2448
0.264
0.2896
0.2992
0.2656
0.288
0.2912
0.2312
0.2624
0.2888
0.2504
0.2504
0.2288
0.2
0.1816
0.164
0.1728
0.2088
0.212
0.188
0.2272
0.2088
0.1344
0.084
0.0888
0.1312
0.156
0.1224
0.1048
0.0608
0.0296
0.0336
0.0248
0.0344
0.0768
0.0808
0.1288
0.1312
0.1544
0.2192
0.2256
0.1952
0.216
0.2368
0.1728
0.208
0.1792
0.1264
0.1256
0.0984
0.0344
0.0392
0.0384
0.0688
0.076
0.0984
0.08
0.0152
0.0192
0.0088
0.0128
0.0216
0.0176
0.0696
0.1272
0.14
0.2
0.2024
0.2568
0.2632
0.2248
0.208
0.2472
0.224
0.1344
0.1248
0.1384
0.152
0.1256
0.1368
0.1464
0.168
0.1336
0.1456
0.1384
0.1288
0.1608
0.1912
0.1648
0.156
0.168
0.136
0.2504
0.3136
0.388
0.392
0.3992
0.4296
0.4376
0.4416
0.4808
0.4704
0.5
0.5328
0.5448
0.5296
0.5216
0.4864
0.524
0.5096
0.4712
0.468
0.4592
0.3928
0.392
0.3552
0.4112
0.4544
0.4456
0.4184
0.4672
0.472
0.4304
0.4112
0.4472
0.4664
0.4864
0.496
0.4896
0.4688
0.456
0.4264
0.3848
0.3592
0.3312
0.3248
0.396
0.3816
0.3744
0.3648
0.2848
0.2456
0.1864
0.232
0.1704
0.2
0.1984
0.184
0.1312
0.0864
0.0944
0.1752
0.1904
0.2152
0.168
0.2
0.2152
0.2528
0.2376
0.176
0.188
0.1952
0.1144
0.1144
0.1408
0.072
0.0168
0.0488
0.1168
0.0976
0.1464
0.1008
0.1312
0.1656
0.1544
0.1768
0.2312
0.2416
0.1952
0.204
0.1336
0.1944
0.2104
0.1688
0.172
0.1808
0.2032
0.228
0.2936
0.3384
0.2768
0.3528
0.2976
0.3592
0.3344
0.3664
0.3472
0.3328
0.3056
0.2712
0.312
0.3264
0.2952
0.2696
0.2672
0.268
0.2456
0.2824
0.3024
0.3424
0.3912
0.4376
0.464
0.3992
0.3952
0.3992
0.452
0.4704
0.4536
0.4136
0.3656
0.4288
0.4456
0.4136
0.4256
0.4112
0.36
0.3088
0.3928
0.3984
0.388
0.348
0.352
0.3136
0.3736
0.3544
0.3648
0.3336
0.308
0.372
0.3632
0.3928
0.3512
0.3976
0.3488
0.356
0.3424
0.3576
0.3472
0.3552
0.3832
0.436
0.3984
0.3984
0.42
0.4088
0.4296
0.4352
0.4584
0.432
0.4264
0.4832
0.4912
0.4648
0.452
0.4448
0.4544
0.4848
0.4768
0.5224
0.5336
0.5368
0.5776
0.6384
0.6832
0.7
0.684
0.7184
0.692
0.656
0.6632
0.676
0.6464
0.5808
0.6456
0.6976
0.6768
0.6384
0.5936
0.6016
0.6016
0.5952
0.5936
0.5264
0.4688
0.4992
0.4968
0.4752
0.4696
0.436
0.5088
0.4824
0.5176
0.492
0.5056
0.5432
0.5808
0.5608
0.5656
0.5704
0.5872
0.5
0.5104
0.5016
0.4488
0.4768
0.424
0.4304
0.3928
0.4056
0.3808
0.356
0.344
0.3576
0.3328
0.312
0.3304
0.3216
0.2888
0.2968
0.2552
0.2904
0.2992
0.308
0.3296
0.344
0.368
0.3664
0.3896
0.4032
0.4
0.3656
0.396
0.4176
0.372
0.3472
0.3296
0.4344
0.3648
0.3736
0.3584
0.344
0.3336
0.336
0.3736
0.272
0.2672
0.2608
0.1856
0.1848
0.2096
0.2352
0.2848
0.3592
0.304
0.3824
0.3824
0.4072
0.3736
0.3824
0.3048
0.3112
0.3344
0.3112
0.3176
0.3232
0.3688
0.3584
0.34
0.4
0.364
0.352
0.312
0.3736
0.4128
0.3944
0.396
0.4104
0.4384
0.5032
0.5544
0.4992
0.5416
0.5168
0.4848
0.4936
0.5712
0.5384
0.5576
0.5544
0.484
0.488
0.4728
0.5408
0.5736
0.6152
0.612
0.5688
0.6168
0.628
0.6168
0.5664
0.5728
0.524
0.54
0.5728
0.5152
0.5
0.4832
0.4248
0.4328
0.4424
0.372
0.3168
0.3288
0.3312
0.2704
0.264
0.2704
0.2744
0.3032
0.3176
0.3176
0.3056
0.32
0.32
0.3368
0.4104
0.4344
0.4152
0.3616
0.3936
0.364
0.4176
0.4536
0.4792
0.5016
0.4832
0.4864
0.4088
0.312
0.3264
0.32
0.2616
0.2664
0.2424
0.1768
0.2
0.196
0.1656
0.2488
0.2264
0.1944
0.2072
0.1712
0.1816
0.2016
0.1696
0.1512
0.1368
0.1152
0.1256
0.22
0.2872
0.2712
0.2264
0.2136
0.192
0.1128
0.1168
0.0768
0.0336
0.0344
0.0008
0.0496
0.0608
0.0776
0.0384
0.076
0.1472
0.156
0.1536
0.1616
0.1568
0.2048
0.1792
0.184
0.1768
0.156
0.1336
0.044
0.0136
0.028
0.02
0.1368
0.0336
0.028
0.056
0.072
0.1144
0.1528
0.124
0.1928
0.2032
0.1792
0.1632
0.1616
0.2168
0.2136
0.2072
0.216
0.232
0.2056
0.192
0.2392
0.2192
0.2352
0.236
0.296
0.2368
0.3128
0.2864
0.3112
0.3472
0.352
0.4312
0.4728
0.4608
0.4728
0.4696
0.5032
0.5248
0.5464
0.5864
0.5376
0.5536
0.5096
0.4816
0.4304
0.4216
0.4144
0.412
0.4128
0.4384
0.388
0.4032
0.3528
0.3528
0.3376
0.2984
0.264
0.1672
0.204
0.2152
0.2624
0.3144
0.3272
0.252
0.2104
0.236
0.2272
0.1712
0.1712
0.1312
0.164
0.1512
0.1136
0.1072
0.0784
0.0992
0.068
0.108
0.0544
0.0416
0.0176
0.0248
0.044
0.0736
0.0296
0.0144
0.0536
0.0464
0.06
0.0472
0.0744
0.0728
0.1248
0.1576
0.1552
0.1496
0.152
0.1136
0.0536
0.0248
0.0088
0.0136
0.0248
0.016
0.0056
0.0064
0.0312
0.012
0.0456
0.016
0.072
0.0272
0.0752
0.0912
0.092
0.0816
0.0448
0.0616
0.1248
0.0656
0.088
0.0528
0.0832
0.0376
0.0272
0.0088
0.0104
0.0128
0.016
0.0248
0.0216
0.06
0.0744
0.0984
0.0736
0.0888
0.1
0.0488
0.0656
0.0744
0.168
0.128
0.164
0.2488
0.212
0.2416
0.2488
0.2376
0.2512
0.2408
0.216
0.1776
0.1808
0.1608
0.156
0.1696
0.1808
0.1832
0.1664
0.1904
0.1416
0.1768
0.132
0.1736
0.1912
0.2192
0.26
0.308
0.3008
0.3208
0.3144
0.2896
0.3192
0.3136
0.3256
0.3256
0.3152
0.3416
0.3648
0.3576
0.36
0.388
0.4344
0.4104
0.396
0.3856
0.3496
0.268
0.2328
0.1752
0.196
0.2216
0.26
