0.81884765625
0.791015625
0.8173828125
0.8369140625
0.82861328125
0.82080078125
0.8076171875
0.787109375
0.81494140625
0.81298828125
0.80517578125
0.79443359375
0.79345703125
0.81640625
0.8203125
0.8134765625
0.8037109375
0.7880859375
0.783203125
0.7705078125
0.79052734375
0.78369140625
0.8115234375
0.82177734375
0.7578125
0.7705078125
0.75048828125
0.71826171875
0.72509765625
0.74560546875
0.75732421875
0.7412109375
0.7666015625
0.7607421875
0.7568359375
0.732421875
0.7705078125
0.74365234375
0.78076171875
0.796875
0.7998046875
0.81298828125
0.79150390625
0.7861328125
0.775390625
0.77783203125
0.76025390625
0.73095703125
0.7314453125
0.7392578125
0.720703125
0.7431640625
0.75048828125
0.7724609375
0.7783203125
0.79736328125
0.8115234375
0.814453125
0.8271484375
0.83447265625
0.8310546875
0.826171875
0.833984375
0.83984375
0.8291015625
0.82861328125
0.84375
0.84130859375
0.8349609375
0.82373046875
0.83056640625
0.80615234375
0.802734375
0.79638671875
0.8330078125
0.81787109375
0.82568359375
0.80810546875
0.8017578125
0.8115234375
0.7978515625
0.80078125
0.79345703125
0.77978515625
0.78955078125
0.78466796875
0.7841796875
0.72900390625
0.716796875
0.74951171875
0.75439453125
0.7666015625
0.7783203125
0.81787109375
0.84130859375
0.8447265625
0.81005859375
0.8212890625
0.83740234375
0.857421875
0.8447265625
0.814453125
0.796875
0.81591796875
0.77978515625
0.79248046875
0.822265625
0.82763671875
0.822265625
0.83203125
0.83642578125
0.8447265625
0.87548828125
0.865234375
0.83740234375
0.818359375
0.84912109375
0.8330078125
0.82666015625
0.84033203125
0.83935546875
0.857421875
0.849609375
0.81689453125
0.79443359375
0.79248046875
0.79736328125
0.7919921875
0.796875
0.81103515625
0.81640625
0.8427734375
0.82861328125
0.8046875
0.80810546875
0.802734375
0.77490234375
0.77099609375
0.7626953125
0.80224609375
0.791015625
0.80029296875
0.8134765625
0.78466796875
0.7880859375
0.7421875
0.76220703125
0.724609375
0.70703125
0.71875
0.72900390625
0.72314453125
0.7109375
0.70947265625
0.7197265625
0.708984375
0.77099609375
0.7509765625
0.751953125
0.763671875
0.802734375
0.79541015625
0.7822265625
0.7705078125
0.73828125
0.74462890625
0.775390625
0.77392578125
0.7607421875
0.7177734375
0.736328125
0.736328125
0.75390625
0.74951171875
0.7421875
0.7412109375
0.7373046875
0.7509765625
0.75830078125
0.76806640625
0.78515625
0.8076171875
0.8134765625
0.802734375
0.78466796875
0.796875
0.8173828125
0.8046875
0.79296875
0.810546875
0.81103515625
0.7939453125
0.79248046875
0.79443359375
0.76513671875
0.79296875
0.77978515625
0.7666015625
0.75341796875
0.72314453125
0.68603515625
0.70703125
0.728515625
0.71875
0.73046875
0.7373046875
0.72412109375
0.73388671875
0.74658203125
0.77978515625
0.7978515625
0.79345703125
0.8095703125
0.77978515625
0.77294921875
0.77978515625
0.7646484375
0.8291015625
0.81494140625
0.80419921875
0.81640625
0.802734375
0.82421875
0.806640625
0.81689453125
0.8291015625
0.8115234375
0.8681640625
0.8701171875
0.86328125
0.82861328125
0.8359375
0.8154296875
0.82958984375
0.82177734375
0.81396484375
0.81640625
0.83203125
0.7841796875
0.8134765625
0.79736328125
0.79150390625
0.7880859375
0.80224609375
0.822265625
0.81201171875
0.79931640625
0.79638671875
0.7978515625
0.80029296875
0.80712890625
0.8193359375
0.8046875
0.79541015625
0.82568359375
0.81201171875
0.8310546875
0.80322265625
0.82470703125
0.791015625
0.80859375
0.80322265625
0.814453125
0.82421875
0.849609375
0.85498046875
0.8603515625
0.85400390625
0.84912109375
0.83349609375
0.859375
0.84765625
0.8037109375
0.7998046875
0.794921875
0.81005859375
0.79833984375
0.830078125
0.8251953125
0.8173828125
0.82666015625
0.8486328125
0.8681640625
0.85595703125
0.8701171875
0.87255859375
0.880859375
0.869140625
0.85791015625
0.85986328125
0.845703125
0.8349609375
0.81396484375
0.83251953125
0.81298828125
0.83544921875
0.83349609375
0.8408203125
0.822265625
0.83251953125
0.82861328125
0.8212890625
0.81884765625
0.822265625
0.8369140625
0.83447265625
0.8466796875
0.8671875
0.85400390625
0.8310546875
0.83447265625
0.82373046875
0.818359375
0.8388671875
0.8427734375
0.8427734375
0.81494140625
0.7861328125
0.79931640625
0.80908203125
0.783203125
0.79443359375
0.78857421875
0.80029296875
0.8466796875
0.837890625
0.84423828125
0.83837890625
0.84765625
0.86572265625
0.86474609375
0.8359375
0.85400390625
0.830078125
0.84716796875
0.85595703125
0.85107421875
0.849609375
0.82373046875
0.830078125
0.8037109375
0.81005859375
0.82958984375
0.84716796875
0.8447265625
0.84326171875
0.84375
0.830078125
0.849609375
0.841796875
0.8203125
0.818359375
0.80126953125
0.8173828125
0.81494140625
0.8125
0.80419921875
0.82080078125
0.82080078125
0.8271484375
0.8359375
0.81494140625
0.82080078125
0.79296875
0.78857421875
0.78662109375
0.77490234375
0.767578125
0.75537109375
0.75634765625
0.7314453125
0.72412109375
0.7255859375
0.73681640625
0.76611328125
0.74853515625
0.75830078125
0.72802734375
0.74658203125
0.796875
0.80322265625
0.8056640625
0.79541015625
0.7978515625
0.78857421875
0.8134765625
0.81201171875
0.8134765625
0.81689453125
0.7939453125
0.79541015625
0.78466796875
0.77099609375
0.7685546875
0.80615234375
0.8203125
0.822265625
0.787109375
0.81494140625
0.82470703125
0.80810546875
0.7890625
0.7880859375
0.78125
0.8095703125
0.77685546875
0.7890625
0.7958984375
0.787109375
0.7451171875
0.7421875
0.75537109375
0.767578125
0.7744140625
0.78564453125
0.775390625
0.826171875
0.810546875
0.80517578125
0.8251953125
0.833984375
0.80712890625
0.8046875
0.80712890625
0.85693359375
0.85791015625
0.8369140625
0.8212890625
0.81298828125
0.78564453125
0.8203125
0.80517578125
0.8310546875
0.8203125
0.8154296875
0.7919921875
0.77197265625
0.7939453125
0.81689453125
0.802734375
0.79638671875
0.8095703125
0.80029296875
0.80029296875
0.81103515625
0.83154296875
0.810546875
0.8193359375
0.80908203125
0.80078125
0.76318359375
0.80908203125
0.80224609375
0.79296875
0.81640625
0.8232421875
0.84619140625
0.8505859375
0.85205078125
0.83837890625
0.8193359375
0.84619140625
0.81396484375
0.82861328125
0.82275390625
0.8037109375
0.83056640625
0.8154296875
0.80419921875
0.81884765625
0.8037109375
0.80419921875
0.81591796875
0.81494140625
0.82080078125
0.82177734375
0.8037109375
0.80712890625
0.79736328125
0.837890625
0.853515625
0.84423828125
0.81396484375
0.82421875
0.82763671875
0.8486328125
0.85107421875
0.8330078125
0.830078125
0.8515625
0.85986328125
0.82861328125
0.78466796875
0.77001953125
0.80029296875
0.8125
0.81201171875
0.84326171875
0.85400390625
0.853515625
0.85498046875
0.85888671875
0.83984375
0.80810546875
0.80810546875
0.80517578125
0.8037109375
0.80908203125
0.802734375
0.794921875
0.79736328125
0.80126953125
0.82470703125
0.82861328125
0.83349609375
0.8330078125
0.83740234375
0.85009765625
0.85693359375
0.85009765625
0.84375
0.857421875
0.86181640625
0.86669921875
0.86279296875
0.85205078125
0.8369140625
0.82763671875
0.81640625
0.81396484375
0.8359375
0.85400390625
0.82421875
0.8505859375
0.814453125
0.8291015625
0.81396484375
0.79345703125
0.80419921875
0.80859375
0.83154296875
0.849609375
0.81591796875
0.81201171875
0.81298828125
0.798828125
0.80517578125
0.79345703125
0.7998046875
0.80908203125
0.7919921875
0.78369140625
0.7939453125
0.77880859375
0.79736328125
0.7958984375
0.78125
0.79052734375
0.81201171875
0.77490234375
0.7734375
0.7900390625
0.8017578125
0.818359375
0.79736328125
0.798828125
0.82177734375
0.833984375
0.8408203125
0.8447265625
0.83984375
0.8447265625
0.8232421875
0.83984375
0.85009765625
0.8125
0.8349609375
0.81396484375
0.8349609375
0.82275390625
0.8115234375
0.828125
0.83251953125
0.85400390625
0.8017578125
0.7880859375
0.7490234375
0.76513671875
0.7646484375
0.7900390625
0.775390625
0.7685546875
0.78515625
0.791015625
0.80908203125
0.76513671875
0.779296875
0.75341796875
0.75830078125
0.783203125
0.80224609375
0.79052734375
0.76025390625
0.748046875
0.75634765625
0.80224609375
0.7890625
0.78125
0.7900390625
0.8134765625
0.857421875
0.802734375
0.828125
0.83251953125
0.81103515625
0.78466796875
0.80078125
0.82275390625
0.8271484375
0.822265625
0.8232421875
0.8203125
0.78515625
0.798828125
0.783203125
0.7998046875
0.81884765625
0.84814453125
0.84765625
0.84033203125
0.82861328125
0.81005859375
0.81396484375
0.8154296875
0.81201171875
0.80029296875
0.794921875
0.81005859375
0.7802734375
0.76513671875
0.7626953125
0.7470703125
0.73779296875
0.716796875
0.72802734375
0.70263671875
0.71728515625
0.72900390625
0.7392578125
0.74365234375
0.74072265625
0.74365234375
0.76513671875
0.79541015625
0.8076171875
0.80078125
0.77099609375
0.76904296875
0.7529296875
0.779296875
0.740234375
0.7431640625
0.7451171875
0.7333984375
0.7509765625
0.75830078125
0.78759765625
0.77587890625
0.79296875
0.7919921875
0.7802734375
0.79296875
0.78759765625
0.79150390625
0.79150390625
0.80078125
0.80908203125
0.818359375
0.8076171875
0.7880859375
0.794921875
0.77099609375
0.78173828125
0.7626953125
0.76123046875
0.78125
0.7607421875
0.7548828125
0.73583984375
0.74267578125
0.7470703125
0.74560546875
0.70166015625
0.72802734375
0.75341796875
0.763671875
0.79296875
0.8037109375
0.82421875
0.83447265625
0.8271484375
0.826171875
0.82177734375
0.8056640625
0.81982421875
0.81689453125
0.78564453125
0.8271484375
0.83203125
0.82666015625
0.81396484375
0.8544921875
0.8720703125
0.82275390625
0.83203125
0.8203125
0.81640625
0.8564453125
0.8232421875
0.791015625
0.802734375
0.7890625
0.81396484375
0.85693359375
0.87939453125
0.86328125
0.837890625
0.814453125
0.8095703125
0.806640625
0.8271484375
0.8017578125
0.80322265625
0.806640625
0.84375
0.81494140625
0.80712890625
0.81689453125
0.84326171875
0.841796875
0.8125
0.83544921875
0.82958984375
0.84423828125
0.86181640625
0.83056640625
0.8408203125
0.84716796875
0.8486328125
0.8251953125
0.8017578125
0.794921875
0.798828125
0.77685546875
0.7763671875
0.76416015625
0.7431640625
0.74755859375
0.77978515625
0.78515625
0.77099609375
0.77783203125
0.77197265625
0.8076171875
0.81396484375
0.79736328125
0.8212890625
0.7705078125
0.76611328125
0.74951171875
0.75
0.7470703125
0.7490234375
0.74267578125
0.75537109375
0.77099609375
0.783203125
0.794921875
0.7958984375
0.78466796875
0.771484375
0.7998046875
0.78173828125
0.77685546875
0.77734375
0.7841796875
0.7919921875
0.8125
0.84228515625
0.826171875
0.8251953125
0.81103515625
0.7958984375
0.763671875
0.7841796875
0.77685546875
0.81884765625
0.81591796875
0.8291015625
0.83154296875
0.8564453125
0.8388671875
0.82177734375
0.84326171875
0.83935546875
0.826171875
0.8251953125
0.8232421875
0.83837890625
0.84228515625
0.806640625
0.77880859375
0.7548828125
0.7587890625
0.76953125
0.7587890625
0.80078125
0.7802734375
0.76708984375
0.79248046875
0.75
0.724609375
0.736328125
0.78271484375
0.75341796875
0.765625
0.75048828125
0.7548828125
0.7421875
0.71484375
0.71630859375
0.6728515625
0.6640625
0.6259765625
0.6748046875
0.6572265625
0.638671875
0.63720703125
0.6220703125
0.6494140625
0.65869140625
0.658203125
0.634765625
0.60986328125
0.62939453125
0.64013671875
0.66748046875
0.6708984375
0.65576171875
0.65380859375
0.611328125
0.62451171875
0.6484375
0.63720703125
0.65869140625
0.6376953125
0.6708984375
0.67138671875
0.6630859375
0.6533203125
0.65478515625
0.677734375
0.64306640625
0.63037109375
0.6708984375
0.69140625
0.68505859375
0.67919921875
0.70166015625
0.72119140625
0.70263671875
0.6943359375
0.69873046875
0.71240234375
0.7021484375
0.7138671875
0.7138671875
0.6904296875
0.716796875
0.71435546875
0.6728515625
0.666015625
0.6796875
0.69482421875
0.7109375
0.73046875
0.7294921875
0.7451171875
0.7451171875
0.75439453125
0.77197265625
0.76416015625
0.7763671875
0.78369140625
0.77294921875
0.7939453125
0.80712890625
0.77734375
0.75927734375
0.75732421875
0.775390625
0.78076171875
0.79296875
0.8046875
0.83203125
0.79638671875
0.828125
0.81787109375
0.79541015625
0.7685546875
0.78857421875
0.7939453125
0.79150390625
0.77587890625
0.78271484375
0.7705078125
0.8017578125
0.78466796875
0.78271484375
0.74951171875
0.7421875
0.76513671875
0.763671875
0.74853515625
0.75830078125
0.77490234375
0.79736328125
0.80615234375
0.81689453125
0.78955078125
0.78857421875
0.77490234375
0.78759765625
0.80712890625
0.7998046875
0.8017578125
0.798828125
0.80517578125
0.8203125
0.79833984375
0.796875
0.76953125
0.78515625
0.76806640625
0.76708984375
0.75732421875
0.7626953125
0.763671875
0.7841796875
0.7822265625
0.79541015625
0.81103515625
0.7880859375
0.77783203125
0.8115234375
0.8037109375
0.82177734375
0.79833984375
0.818359375
0.83203125
0.8310546875
0.83544921875
0.82470703125
0.81201171875
0.81494140625
0.841796875
0.841796875
0.8115234375
0.82275390625
0.84912109375
0.828125
0.82666015625
0.81591796875
0.8564453125
0.82373046875
0.83056640625
0.83935546875
0.865234375
0.830078125
0.83447265625
0.7958984375
0.8046875
0.818359375
0.8115234375
0.8125
0.8154296875
0.8212890625
0.826171875
0.81005859375
0.80029296875
0.8134765625
0.787109375
0.78173828125
0.77099609375
0.787109375
0.7451171875
0.783203125
0.78369140625
0.7822265625
0.79296875
