0.2763671875
0.2861328125
0.24951171875
0.2294921875
0.23583984375
0.26220703125
0.29541015625
0.27099609375
0.2685546875
0.32470703125
0.31396484375
0.296875
0.275390625
0.287109375
0.291015625
0.25537109375
0.267578125
0.23681640625
0.26708984375
0.25830078125
0.24755859375
0.2392578125
0.2451171875
0.27294921875
0.26318359375
0.259765625
0.23193359375
0.18896484375
0.16796875
0.17333984375
0.1923828125
0.16015625
0.1318359375
0.13134765625
0.1337890625
0.1494140625
0.12548828125
0.07763671875
0.06298828125
0.05615234375
0.06787109375
0.017578125
0.0068359375
0.02783203125
0.00244140625
0.01513671875
0.05029296875
0.0546875
0.0595703125
0.05078125
0.0751953125
0.00927734375
0.0419921875
0.03564453125
0.06103515625
0.0771484375
0.03466796875
0.0361328125
0.0
0.0263671875
0.01708984375
0.048828125
0.05712890625
0.12841796875
0.13525390625
0.1484375
0.12841796875
0.134765625
0.13671875
0.14892578125
0.16943359375
0.20703125
0.20703125
0.32470703125
0.3427734375
0.3447265625
0.35302734375
0.32861328125
0.38818359375
0.4033203125
0.44921875
0.4140625
0.42041015625
0.41162109375
0.41748046875
0.44482421875
0.45263671875
0.4873046875
0.51513671875
0.54345703125
0.50146484375
0.48583984375
0.47998046875
0.44091796875
0.39990234375
0.439453125
0.4169921875
0.3935546875
0.37744140625
0.41943359375
0.40283203125
0.423828125
0.392578125
0.37451171875
0.35205078125
0.36865234375
0.400390625
0.42919921875
0.40966796875
0.3779296875
0.3818359375
0.37548828125
0.3857421875
0.3525390625
0.357421875
0.32861328125
0.3017578125
0.2822265625
0.29931640625
0.3154296875
0.29345703125
0.28173828125
0.2783203125
0.2451171875
0.23974609375
0.216796875
0.22216796875
0.29296875
0.298828125
0.27392578125
0.27685546875
0.2421875
0.2490234375
0.279296875
0.29931640625
0.28564453125
0.26318359375
0.2734375
0.25537109375
0.27197265625
0.26220703125
0.27587890625
0.29150390625
0.291015625
0.2744140625
0.3017578125
0.29052734375
0.28759765625
0.26123046875
0.298828125
0.22265625
0.26220703125
0.279296875
0.2861328125
0.28369140625
0.291015625
0.29833984375
0.29248046875
0.3154296875
0.314453125
0.302734375
0.2763671875
0.3271484375
0.28125
0.31689453125
0.31640625
0.2978515625
0.2822265625
0.32275390625
0.3486328125
0.3388671875
0.32373046875
0.35693359375
0.31982421875
0.30908203125
0.33251953125
0.322265625
0.27880859375
0.25634765625
0.27685546875
0.2744140625
0.2734375
0.296875
0.31640625
0.3046875
0.3359375
0.36865234375
0.32177734375
0.32470703125
0.35888671875
0.33984375
0.404296875
0.40087890625
0.419921875
0.40185546875
0.38623046875
0.412109375
0.3740234375
0.41162109375
0.50634765625
0.47998046875
0.5146484375
0.4873046875
0.47314453125
0.470703125
0.478515625
0.4697265625
0.4560546875
0.48974609375
0.4951171875
0.50537109375
0.50048828125
0.5205078125
0.56689453125
0.57470703125
0.5947265625
0.6181640625
0.62353515625
0.60791015625
0.58056640625
0.58349609375
0.58642578125
0.59375
0.58837890625
0.57958984375
0.5556640625
0.5712890625
0.57080078125
0.619140625
0.611328125
0.59423828125
0.59765625
0.57763671875
0.55810546875
0.54833984375
0.51904296875
0.5302734375
0.55078125
0.54833984375
0.5595703125
0.55029296875
0.53076171875
0.51171875
0.53662109375
0.53515625
0.56689453125
0.53076171875
0.5576171875
0.5419921875
0.5478515625
0.52685546875
0.5322265625
0.51513671875
0.46875
0.474609375
0.4853515625
0.4853515625
0.482421875
0.42578125
0.4052734375
0.40625
0.404296875
0.3984375
0.37744140625
0.3857421875
0.32080078125
0.294921875
0.2568359375
0.2392578125
0.24072265625
0.228515625
0.12451171875
0.123046875
0.13330078125
0.1357421875
0.13623046875
0.11328125
0.14990234375
0.12255859375
0.13037109375
0.1552734375
0.193359375
0.201171875
0.20068359375
0.16259765625
0.14501953125
0.1474609375
0.14501953125
0.10791015625
0.0703125
0.07568359375
0.1005859375
0.05322265625
0.02880859375
0.04541015625
0.02001953125
0.00830078125
0.06689453125
0.09130859375
0.05810546875
0.0615234375
0.0419921875
0.0576171875
0.0244140625
0.03759765625
0.0556640625
0.06982421875
0.076171875
0.05029296875
0.04931640625
0.068359375
0.12744140625
0.1552734375
0.171875
0.19189453125
0.19580078125
0.189453125
0.2412109375
0.267578125
0.2353515625
0.25244140625
0.24072265625
0.24609375
0.23046875
0.25244140625
0.234375
0.25
0.22314453125
0.26904296875
0.26611328125
0.23681640625
0.2509765625
0.2470703125
0.2841796875
0.3330078125
0.31494140625
0.3203125
0.32470703125
0.29736328125
0.326171875
0.3095703125
0.318359375
0.3134765625
0.28759765625
0.29833984375
0.29150390625
0.31884765625
0.349609375
0.3486328125
0.35009765625
0.34521484375
0.35693359375
0.4072265625
0.39794921875
0.4541015625
0.443359375
0.47412109375
0.4443359375
0.466796875
0.4931640625
0.46044921875
0.4453125
0.4384765625
0.427734375
0.44189453125
0.43701171875
0.4326171875
0.44140625
0.3916015625
0.39697265625
0.42724609375
0.43994140625
0.44970703125
0.4609375
0.45947265625
0.4228515625
0.40625
0.38427734375
0.38720703125
0.4111328125
0.41845703125
0.46240234375
0.470703125
0.49609375
0.51708984375
0.53515625
0.537109375
0.5322265625
0.4970703125
0.4208984375
0.36865234375
0.37353515625
0.3642578125
0.3525390625
0.38037109375
0.35009765625
0.3330078125
0.31103515625
0.2666015625
0.25830078125
0.23291015625
0.27392578125
0.29248046875
0.31201171875
0.345703125
0.3125
0.32177734375
0.34375
0.314453125
0.33154296875
0.3505859375
0.39892578125
0.416015625
0.38037109375
0.41064453125
0.43359375
0.396484375
0.40673828125
0.38720703125
0.39599609375
0.3994140625
0.419921875
0.43701171875
0.4658203125
0.4638671875
0.431640625
0.38623046875
0.45556640625
0.4775390625
0.474609375
0.47705078125
0.4462890625
0.458984375
0.453125
0.51953125
0.5146484375
0.54248046875
0.50048828125
0.48876953125
0.48583984375
0.4873046875
0.50048828125
0.5419921875
0.55029296875
0.55126953125
0.56298828125
0.5693359375
0.5078125
0.4453125
0.46630859375
0.44091796875
0.4404296875
0.46630859375
0.46728515625
0.4931640625
0.5029296875
0.5478515625
0.5498046875
0.52783203125
0.51904296875
0.5
0.47021484375
0.50439453125
0.50048828125
0.4560546875
0.46484375
0.4560546875
0.4208984375
0.4326171875
0.43310546875
0.41845703125
0.412109375
0.41162109375
0.3759765625
0.27490234375
0.25048828125
0.2724609375
0.29150390625
0.2919921875
0.27783203125
0.25927734375
0.23486328125
0.26953125
0.2509765625
0.2373046875
0.2529296875
0.224609375
0.19921875
0.18701171875
0.1982421875
0.14306640625
0.1240234375
0.1015625
0.1025390625
0.060546875
0.0634765625
0.015625
0.03076171875
0.01953125
0.037109375
0.02294921875
0.02392578125
0.052734375
0.09423828125
0.0888671875
0.08837890625
0.0615234375
0.103515625
0.06689453125
0.04736328125
0.02734375
0.0537109375
0.05810546875
0.07958984375
0.04248046875
0.0810546875
0.10498046875
0.10107421875
0.09814453125
0.10498046875
0.1416015625
0.1494140625
0.15087890625
0.15966796875
0.19580078125
0.20703125
0.2138671875
0.169921875
0.1796875
0.16943359375
0.19873046875
0.208984375
0.2041015625
0.18310546875
0.173828125
0.12939453125
0.095703125
0.13427734375
0.134765625
0.16162109375
0.1357421875
0.1455078125
0.1455078125
0.162109375
0.109375
0.06787109375
0.05908203125
0.0595703125
0.0390625
0.01416015625
0.02392578125
0.0048828125
0.0380859375
0.05419921875
0.076171875
0.07421875
0.06005859375
0.095703125
0.12744140625
0.15087890625
0.1826171875
0.19873046875
0.20263671875
0.1748046875
0.154296875
0.12109375
0.12255859375
0.1171875
0.1259765625
0.0859375
0.13671875
0.12353515625
0.14892578125
0.185546875
0.18505859375
0.13427734375
0.08642578125
0.1279296875
0.10791015625
0.10009765625
0.07861328125
0.08642578125
0.08740234375
0.06103515625
0.05810546875
0.05029296875
0.0556640625
0.068359375
0.0244140625
0.0546875
0.05078125
0.1279296875
0.087890625
0.119140625
0.1015625
0.10498046875
0.109375
0.154296875
0.15283203125
0.115234375
0.1201171875
0.1142578125
0.07861328125
0.09619140625
0.0537109375
0.03955078125
0.05078125
0.0048828125
0.0302734375
0.048828125
0.07861328125
0.09521484375
0.1279296875
0.1220703125
0.1025390625
0.1044921875
0.14794921875
0.130859375
0.17578125
0.18212890625
0.2138671875
0.263671875
0.259765625
0.31298828125
0.328125
0.314453125
0.3056640625
0.30712890625
0.36376953125
0.3935546875
0.431640625
0.455078125
0.47216796875
0.48095703125
0.46533203125
0.45703125
0.408203125
0.419921875
0.447265625
0.408203125
0.4306640625
0.41259765625
0.421875
0.40234375
0.3720703125
0.39501953125
0.36962890625
0.3671875
0.35302734375
0.376953125
0.40185546875
0.4326171875
0.43115234375
0.43359375
0.400390625
0.44287109375
0.453125
0.45458984375
0.4951171875
0.43603515625
0.42578125
0.4326171875
0.4150390625
0.42578125
0.39501953125
0.35400390625
0.34423828125
0.37060546875
0.40380859375
0.4375
0.48583984375
0.4892578125
0.48779296875
0.48046875
0.4931640625
0.5478515625
0.50634765625
0.5341796875
0.55029296875
0.53271484375
0.52587890625
0.572265625
0.57177734375
0.5498046875
0.57275390625
0.57763671875
0.53515625
0.486328125
0.474609375
0.43701171875
0.435546875
0.423828125
0.3984375
0.35986328125
0.4013671875
0.38330078125
0.42138671875
0.39599609375
0.3212890625
0.33544921875
0.34423828125
0.3076171875
0.333984375
0.33447265625
0.31640625
0.33203125
0.2939453125
0.31201171875
0.31494140625
0.2978515625
0.330078125
0.33154296875
0.33984375
0.30712890625
0.30615234375
0.3564453125
0.3671875
0.35302734375
0.39208984375
0.42919921875
0.4091796875
0.388671875
0.4091796875
0.38330078125
0.37841796875
0.3701171875
0.35400390625
0.38330078125
0.35546875
0.341796875
0.3427734375
0.35546875
0.33984375
0.3623046875
0.337890625
0.35986328125
0.37890625
0.376953125
0.40234375
0.39306640625
0.302734375
0.283203125
0.25
0.2744140625
0.3046875
0.30322265625
0.29296875
0.3330078125
0.33056640625
0.3203125
0.37451171875
0.318359375
0.3349609375
0.357421875
0.3798828125
0.4072265625
0.37939453125
0.39599609375
0.40966796875
0.38525390625
0.39013671875
0.38623046875
0.4033203125
0.4296875
0.40087890625
0.40185546875
0.4365234375
0.45166015625
0.47216796875
0.4833984375
0.49609375
0.4716796875
0.41845703125
0.40771484375
0.41259765625
0.3740234375
0.3662109375
0.34619140625
0.369140625
0.40625
0.40185546875
0.42626953125
0.41357421875
0.3955078125
0.39892578125
0.359375
0.41650390625
0.41650390625
0.4404296875
0.38037109375
0.35400390625
0.35009765625
0.357421875
0.35498046875
0.359375
0.35107421875
0.33984375
0.32177734375
0.30517578125
0.3076171875
0.24755859375
0.2431640625
0.27099609375
0.25537109375
0.21435546875
0.251953125
0.259765625
0.2646484375
0.271484375
0.26611328125
0.27978515625
0.29052734375
0.25146484375
0.236328125
0.28466796875
0.34912109375
0.32861328125
0.32177734375
0.3388671875
0.2958984375
0.28759765625
0.27978515625
0.2958984375
0.3447265625
0.35205078125
0.31689453125
0.31591796875
0.31494140625
0.31591796875
0.35693359375
0.34326171875
0.29296875
0.30224609375
0.361328125
0.328125
0.36083984375
0.34326171875
0.35693359375
0.37158203125
0.39111328125
0.39599609375
0.359375
0.33203125
0.30078125
0.2451171875
0.251953125
0.208984375
0.22021484375
0.203125
0.18994140625
0.25634765625
0.267578125
0.28173828125
0.26318359375
0.2451171875
0.2275390625
0.201171875
0.2392578125
0.20166015625
0.20263671875
0.20361328125
0.22021484375
0.24658203125
0.275390625
0.32177734375
0.29736328125
0.2890625
0.28857421875
0.30712890625
0.2958984375
0.29345703125
0.26953125
0.30859375
0.31787109375
0.3173828125
0.36279296875
0.3349609375
0.376953125
0.3857421875
0.42431640625
0.41259765625
0.39111328125
0.3623046875
0.36865234375
0.3994140625
0.423828125
0.42724609375
0.44482421875
0.470703125
0.43798828125
0.43798828125
0.427734375
0.412109375
0.447265625
0.46337890625
0.45751953125
0.50439453125
0.517578125
0.4990234375
0.52197265625
0.52099609375
0.5400390625
0.57470703125
0.54931640625
0.54833984375
0.51513671875
0.525390625
0.57373046875
0.607421875
0.5732421875
0.5927734375
0.56591796875
0.5693359375
0.58154296875
0.607421875
0.60009765625
0.5634765625
0.5654296875
0.5634765625
0.57080078125
0.5654296875
0.53759765625
0.53564453125
0.48388671875
0.4853515625
0.46142578125
0.50634765625
0.48681640625
0.46337890625
0.45556640625
0.4306640625
0.42578125
0.42041015625
0.404296875
0.40087890625
0.3544921875
0.3349609375
0.328125
0.35791015625
0.39990234375
0.412109375
0.4169921875
0.41162109375
0.41259765625
0.44677734375
0.44384765625
0.4326171875
0.44775390625
0.42919921875
0.45458984375
0.50146484375
0.50390625
0.49853515625
0.48095703125
0.49462890625
0.45703125
0.43701171875
0.43359375
0.42724609375
0.43798828125
0.44921875
0.44189453125
0.44775390625
0.44677734375
0.419921875
0.38916015625
0.39306640625
0.40234375
0.40576171875
0.39697265625
0.3701171875
0.36669921875
0.3642578125
0.341796875
0.3857421875
0.37109375
0.3759765625
0.373046875
0.37890625
0.396484375
0.40380859375
0.36865234375
0.31103515625
0.3310546875
0.36328125
0.38232421875
0.36083984375
0.3310546875
0.3310546875
0.32373046875
0.31689453125
0.31982421875
0.310546875
0.3203125
0.34912109375
0.3515625
0.3759765625
0.37109375
0.3671875
0.365234375
