0.3623046875
0.3671875
0.37353515625
0.42578125
0.46337890625
0.46923828125
0.47998046875
0.47509765625
0.49462890625
0.53369140625
0.5322265625
0.48486328125
0.49853515625
0.4833984375
0.54443359375
0.54150390625
0.57275390625
0.544921875
0.5478515625
0.5234375
0.529296875
0.552734375
0.60498046875
0.5947265625
0.5654296875
0.56396484375
0.515625
0.56396484375
0.513671875
0.52392578125
0.509765625
0.5244140625
0.58203125
0.59228515625
0.62353515625
0.61474609375
0.61083984375
0.58154296875
0.56201171875
0.580078125
0.57275390625
0.57861328125
0.5732421875
0.576171875
0.59912109375
0.5517578125
0.50927734375
0.53173828125
0.5537109375
0.55810546875
0.53076171875
0.5283203125
0.50341796875
0.44677734375
0.42578125
0.3681640625
0.3828125
0.3505859375
0.3681640625
0.349609375
0.375
0.43212890625
0.42431640625
0.43994140625
0.46484375
0.4482421875
0.490234375
0.42626953125
0.3896484375
0.41455078125
0.4248046875
0.4306640625
0.46142578125
0.44140625
0.45361328125
0.4619140625
0.431640625
0.451171875
0.4541015625
0.39501953125
0.3828125
0.388671875
0.36376953125
0.3798828125
0.36865234375
0.36962890625
0.42236328125
0.4052734375
0.392578125
0.3916015625
0.41259765625
0.3935546875
0.400390625
0.40283203125
0.38134765625
0.37353515625
0.40625
0.3994140625
0.37841796875
0.38818359375
0.36767578125
0.38916015625
0.36865234375
0.361328125
0.36572265625
0.3369140625
0.34033203125
0.31982421875
0.34423828125
0.38232421875
0.37255859375
0.42333984375
0.4150390625
0.4306640625
0.38427734375
0.380859375
0.38916015625
0.3564453125
0.3583984375
0.34228515625
0.3427734375
0.3671875
0.3818359375
0.404296875
0.412109375
0.40478515625
0.4111328125
0.40380859375
0.34521484375
0.36474609375
0.38037109375
0.32080078125
0.3388671875
0.35546875
0.37890625
0.416015625
0.4482421875
0.46875
0.45703125
0.50146484375
0.494140625
0.49609375
0.52880859375
0.494140625
0.46923828125
0.4833984375
0.51513671875
0.54052734375
0.50439453125
0.52294921875
0.53076171875
0.5
0.49267578125
0.5107421875
0.49169921875
0.474609375
0.42578125
0.3955078125
0.46728515625
0.46875
0.4755859375
0.49658203125
0.47802734375
0.4560546875
0.45458984375
0.4765625
0.4677734375
0.46875
0.51171875
0.47216796875
0.47607421875
0.47216796875
0.46826171875
0.458984375
0.42529296875
0.4384765625
0.4287109375
0.44921875
0.40478515625
0.41259765625
0.40869140625
0.40185546875
0.43310546875
0.44580078125
0.455078125
0.44921875
0.453125
0.43505859375
0.43017578125
0.41015625
0.4267578125
0.3876953125
0.36279296875
0.4404296875
0.4150390625
0.42333984375
0.4365234375
0.404296875
0.37548828125
0.34326171875
0.29296875
0.296875
0.34814453125
0.29931640625
0.3046875
0.337890625
0.36376953125
0.41259765625
0.4091796875
0.4033203125
0.4150390625
0.41015625
0.447265625
0.439453125
0.43701171875
0.4287109375
0.4189453125
0.38818359375
0.40283203125
0.38330078125
0.36572265625
0.33349609375
0.302734375
0.359375
0.3193359375
0.3076171875
0.33203125
0.31787109375
0.32861328125
0.32373046875
0.36865234375
0.3681640625
0.35400390625
0.33447265625
0.37939453125
0.34033203125
0.3203125
0.3349609375
0.33203125
0.33056640625
0.349609375
0.31591796875
0.306640625
0.3232421875
0.328125
0.296875
0.2822265625
0.25634765625
0.279296875
0.2333984375
0.24853515625
0.2734375
0.29443359375
0.30224609375
0.32958984375
0.31298828125
0.31982421875
0.3212890625
0.32470703125
0.337890625
0.33837890625
0.32958984375
0.3056640625
0.2587890625
0.22265625
0.23681640625
0.24609375
0.29296875
0.3212890625
0.27490234375
0.27392578125
0.25146484375
0.25634765625
0.2900390625
0.2626953125
0.29443359375
0.2763671875
0.283203125
0.21875
0.22900390625
0.296875
0.30224609375
0.31689453125
0.34228515625
0.35693359375
0.400390625
0.4111328125
0.4619140625
0.48974609375
0.5078125
0.5126953125
0.52783203125
0.5439453125
0.53564453125
0.52685546875
0.5087890625
0.470703125
0.4970703125
0.455078125
0.45556640625
0.45849609375
0.47412109375
0.43603515625
0.45849609375
0.416015625
0.41796875
0.4267578125
0.4462890625
0.423828125
0.41552734375
0.40576171875
0.3544921875
0.380859375
0.3701171875
0.4013671875
0.3623046875
0.39794921875
0.41455078125
0.43994140625
0.39111328125
0.39892578125
0.38720703125
0.42431640625
0.4091796875
0.4833984375
0.52392578125
0.53271484375
0.5810546875
0.63525390625
0.6513671875
0.64697265625
0.6904296875
0.65234375
0.66064453125
0.64599609375
0.6640625
0.6494140625
0.6376953125
0.60400390625
0.583984375
0.572265625
0.5673828125
0.5390625
0.5341796875
0.52783203125
0.54345703125
0.5712890625
0.53955078125
0.5
0.49072265625
0.46435546875
0.46630859375
0.47705078125
0.4765625
0.447265625
0.42236328125
0.400390625
0.4228515625
0.4404296875
0.3984375
0.400390625
0.4326171875
0.4375
0.45703125
0.46484375
0.44140625
0.421875
0.42724609375
0.38525390625
0.33203125
0.3564453125
0.34326171875
0.357421875
0.337890625
0.35107421875
0.34130859375
0.27978515625
0.27490234375
0.2919921875
0.22802734375
0.21142578125
0.1904296875
0.1123046875
0.099609375
0.11669921875
0.142578125
0.107421875
0.0849609375
0.13525390625
0.1015625
0.1328125
0.13671875
0.14453125
0.14013671875
0.11279296875
0.0947265625
0.1083984375
0.13427734375
0.1181640625
0.08935546875
0.111328125
0.11962890625
0.0419921875
0.025390625
0.00634765625
0.046875
0.0859375
0.07275390625
0.09423828125
0.1005859375
0.08935546875
0.0576171875
0.06005859375
0.09375
0.08203125
0.0732421875
0.04248046875
0.03271484375
0.04443359375
0.04052734375
0.03759765625
0.02783203125
0.02783203125
0.05029296875
0.06787109375
0.0693359375
0.08837890625
0.07861328125
0.02978515625
0.080078125
0.091796875
0.0673828125
0.0634765625
0.103515625
0.1123046875
0.09521484375
0.09228515625
0.1142578125
0.0888671875
0.08349609375
0.10302734375
0.0947265625
0.08251953125
0.1171875
0.1123046875
0.1015625
0.1640625
0.15185546875
0.19970703125
0.20654296875
0.24853515625
0.2646484375
0.21142578125
0.1728515625
0.18359375
0.12841796875
0.2060546875
0.2607421875
0.27587890625
0.2470703125
0.31298828125
0.28857421875
0.31591796875
0.33837890625
0.365234375
0.365234375
0.38623046875
0.39990234375
0.39404296875
0.38916015625
0.3623046875
0.357421875
0.38232421875
0.4013671875
0.39453125
0.40234375
0.373046875
0.35888671875
0.3291015625
0.35009765625
0.3642578125
0.3837890625
0.318359375
0.32763671875
0.2900390625
0.240234375
0.24072265625
0.23046875
0.26123046875
0.26171875
0.21435546875
0.17041015625
0.18603515625
0.23095703125
0.25634765625
0.234375
0.21435546875
0.22802734375
0.2041015625
0.1982421875
0.22705078125
0.24169921875
0.2421875
0.2294921875
0.244140625
0.30712890625
0.306640625
0.24755859375
0.20263671875
0.201171875
0.27294921875
0.20849609375
0.23876953125
0.2109375
0.216796875
0.228515625
0.18115234375
0.14794921875
0.1494140625
0.13916015625
0.126953125
0.0673828125
0.14892578125
0.166015625
0.17041015625
0.2080078125
0.20947265625
0.1767578125
0.19677734375
0.15966796875
0.1572265625
0.1328125
0.1318359375
0.078125
0.037109375
0.064453125
0.060546875
0.08154296875
0.08349609375
0.05322265625
0.0439453125
0.06640625
0.07421875
0.0634765625
0.0126953125
0.068359375
0.0751953125
0.06396484375
0.06103515625
0.046875
0.0087890625
0.021484375
0.0390625
0.04931640625
0.0048828125
0.04736328125
0.08447265625
0.09326171875
0.0771484375
0.09033203125
0.107421875
0.12353515625
0.15625
0.16357421875
0.13525390625
0.125
0.12939453125
0.06396484375
0.0751953125
0.080078125
0.05517578125
0.07958984375
0.0927734375
0.14892578125
0.13037109375
0.14599609375
0.16064453125
0.1982421875
0.2109375
0.208984375
0.19775390625
0.15283203125
0.10498046875
0.10888671875
0.115234375
0.11962890625
0.123046875
0.1279296875
0.13232421875
0.14404296875
0.1494140625
0.15478515625
0.1787109375
0.23779296875
0.25537109375
0.25048828125
0.2841796875
0.27880859375
0.24267578125
0.26171875
0.25048828125
0.2666015625
0.279296875
0.2900390625
0.26611328125
0.24365234375
0.2490234375
0.27001953125
0.24658203125
0.28076171875
0.29296875
0.2978515625
0.30126953125
0.32470703125
0.30419921875
0.23876953125
0.22412109375
0.17724609375
0.18994140625
0.1865234375
0.17822265625
0.1943359375
0.1767578125
0.1982421875
0.16552734375
0.13720703125
0.0966796875
0.08447265625
0.041015625
0.033203125
0.0458984375
0.04443359375
0.06005859375
0.142578125
0.13427734375
0.1640625
0.15576171875
0.119140625
0.0732421875
0.12109375
0.14990234375
0.16162109375
0.17724609375
0.17529296875
0.1875
0.203125
0.212890625
0.23095703125
0.21240234375
0.2158203125
0.14990234375
0.18505859375
0.205078125
0.21875
0.22802734375
0.23681640625
0.16552734375
0.22216796875
0.1982421875
0.17333984375
0.1875
0.20703125
0.16357421875
0.19384765625
0.185546875
0.263671875
0.26953125
0.24560546875
0.26513671875
0.2216796875
0.23828125
0.18603515625
0.228515625
0.28125
0.2666015625
0.2890625
0.27001953125
0.25146484375
0.29443359375
0.291015625
0.28466796875
0.25
0.24560546875
0.25390625
0.208984375
0.21630859375
0.2216796875
0.244140625
0.220703125
0.2001953125
0.1875
0.19970703125
0.21240234375
0.23046875
0.25048828125
0.2138671875
0.27490234375
0.34228515625
0.29443359375
0.25634765625
0.2705078125
0.30859375
0.3349609375
0.32177734375
0.3447265625
0.3369140625
0.3447265625
0.32177734375
0.35400390625
0.39111328125
0.39306640625
0.3232421875
0.31884765625
0.29052734375
0.32568359375
0.3544921875
0.361328125
0.36083984375
0.41064453125
0.3837890625
0.38671875
0.4169921875
0.39990234375
0.40625
0.3798828125
0.37451171875
0.3701171875
0.3876953125
0.41015625
0.38623046875
0.37841796875
0.3291015625
0.31396484375
0.26953125
0.298828125
0.30615234375
0.3388671875
0.2763671875
0.25048828125
0.263671875
0.251953125
0.294921875
0.26806640625
0.2041015625
0.20751953125
0.23046875
0.21923828125
0.18798828125
0.16357421875
0.126953125
0.09912109375
0.091796875
0.07421875
0.11181640625
0.14892578125
0.13330078125
0.09033203125
0.05810546875
0.04931640625
0.041015625
0.06640625
0.11279296875
0.125
0.12353515625
0.07373046875
0.10498046875
0.08154296875
0.10400390625
0.09326171875
0.10009765625
0.064453125
0.0537109375
0.0380859375
0.01171875
0.0185546875
0.02685546875
0.0380859375
0.0166015625
0.04931640625
0.05126953125
0.02392578125
0.0185546875
0.06298828125
0.09912109375
0.091796875
0.0791015625
0.103515625
0.15478515625
0.19775390625
0.21337890625
0.232421875
0.234375
0.2568359375
0.201171875
0.197265625
0.25830078125
0.26416015625
0.25048828125
0.259765625
0.30517578125
0.31591796875
0.35107421875
0.36328125
0.35107421875
0.328125
0.33935546875
0.3349609375
0.33642578125
0.28857421875
0.28564453125
0.30126953125
0.29296875
0.26611328125
0.2900390625
0.2578125
0.271484375
0.25537109375
0.2509765625
0.27490234375
0.2724609375
0.27880859375
0.27001953125
0.33056640625
0.35205078125
0.35009765625
0.37109375
0.3642578125
0.35986328125
0.34228515625
0.34033203125
0.33154296875
0.34912109375
0.3349609375
0.28564453125
0.2900390625
0.2978515625
0.31982421875
0.37841796875
0.40380859375
0.4296875
0.40869140625
0.35546875
0.38134765625
0.38037109375
0.38232421875
0.35986328125
0.3408203125
0.3193359375
0.302734375
0.33203125
0.32421875
0.3291015625
0.32958984375
0.29443359375
0.2666015625
0.29248046875
0.29931640625
0.2978515625
0.33349609375
0.29150390625
0.30322265625
0.2734375
0.25927734375
0.2919921875
0.2421875
0.26806640625
0.28955078125
0.27197265625
0.27880859375
0.318359375
0.326171875
0.32421875
0.333984375
0.35107421875
0.37841796875
0.35791015625
0.3359375
0.34033203125
0.31396484375
0.34912109375
0.35498046875
0.32763671875
0.302734375
0.2822265625
0.29345703125
0.3349609375
0.337890625
0.36572265625
0.39306640625
0.373046875
0.38037109375
0.404296875
0.37890625
0.41845703125
0.42822265625
0.46142578125
0.46826171875
0.46240234375
0.4580078125
0.44775390625
0.455078125
0.4658203125
0.5166015625
0.51708984375
0.5400390625
0.4775390625
0.45849609375
0.46875
0.43408203125
0.46337890625
0.4814453125
0.52392578125
0.5107421875
0.51220703125
0.51611328125
0.51416015625
0.52392578125
0.5439453125
0.57275390625
0.59375
0.6357421875
0.62744140625
0.62744140625
0.642578125
0.67041015625
0.6904296875
0.646484375
0.634765625
0.58837890625
0.5712890625
0.58251953125
0.59423828125
0.6015625
0.541015625
0.521484375
0.53515625
0.552734375
0.53173828125
0.505859375
0.48681640625
0.47509765625
0.45263671875
0.44921875
0.4658203125
0.4404296875
0.42529296875
0.392578125
0.4384765625
0.4521484375
0.4580078125
0.4443359375
0.4248046875
0.4150390625
0.45703125
0.45947265625
0.453125
0.4384765625
0.47265625
0.45849609375
0.45263671875
0.42822265625
0.43505859375
0.4619140625
0.4716796875
0.4365234375
0.42626953125
0.3798828125
0.375
0.41796875
0.4697265625
0.42138671875
0.427734375
0.42626953125
0.4169921875
0.37548828125
0.38671875
0.31005859375
0.298828125
0.29150390625
0.3271484375
0.32666015625
0.40673828125
0.3779296875
0.34619140625
0.30419921875
0.33740234375
0.3427734375
0.3232421875
0.2919921875
0.32470703125
0.3779296875
0.390625
0.41943359375
0.43115234375
0.39892578125
0.4384765625
0.44580078125
0.4501953125
0.455078125
0.44775390625
