0.55517578125
0.5869140625
0.572265625
0.525390625
0.4892578125
0.47998046875
0.5068359375
0.49609375
0.51123046875
0.544921875
0.48974609375
0.509765625
0.46826171875
0.4541015625
0.4384765625
0.41552734375
0.357421875
0.3271484375
0.3896484375
0.3837890625
0.3935546875
0.35498046875
0.35400390625
0.3837890625
0.3720703125
0.3486328125
0.36474609375
0.3330078125
0.30126953125
0.318359375
0.33935546875
0.294921875
0.27001953125
0.251953125
0.2568359375
0.27099609375
0.27392578125
0.2939453125
0.3466796875
0.36328125
0.34619140625
0.373046875
0.4091796875
0.44921875
0.4970703125
0.4951171875
0.4560546875
0.4130859375
0.39013671875
0.41162109375
0.40576171875
0.380859375
0.41943359375
0.4052734375
0.373046875
0.40185546875
0.4150390625
0.431640625
0.39404296875
0.38232421875
0.35595703125
0.37353515625
0.376953125
0.38427734375
0.33203125
0.27392578125
0.28125
0.32177734375
0.3125
0.3251953125
0.37841796875
0.3837890625
0.3759765625
0.3779296875
0.40234375
0.36865234375
0.3681640625
0.3818359375
0.4033203125
0.38623046875
0.38037109375
0.41748046875
0.40087890625
0.39208984375
0.35205078125
0.380859375
0.31884765625
0.35302734375
0.34521484375
0.357421875
0.35400390625
0.3193359375
0.28369140625
0.28955078125
0.23486328125
0.24072265625
0.27783203125
0.28466796875
0.31298828125
0.28955078125
0.318359375
0.31982421875
0.33154296875
0.3134765625
0.30712890625
0.3076171875
0.3583984375
0.359375
0.32568359375
0.3359375
0.36083984375
0.33935546875
0.3330078125
0.37255859375
0.35498046875
0.32080078125
0.3125
0.3203125
0.34423828125
0.35791015625
0.33056640625
0.2841796875
0.31005859375
0.3232421875
0.34423828125
0.32861328125
0.349609375
0.32763671875
0.33349609375
0.34033203125
0.3603515625
0.31396484375
0.28662109375
0.3203125
0.31201171875
0.32275390625
0.30517578125
0.32275390625
0.29931640625
0.32275390625
0.30908203125
0.3291015625
0.33642578125
0.40087890625
0.4072265625
0.40380859375
0.4326171875
0.423828125
0.392578125
0.34375
0.28955078125
0.271484375
0.298828125
0.33349609375
0.34521484375
0.32568359375
0.3583984375
0.353515625
0.37060546875
0.3623046875
0.37646484375
0.390625
0.4111328125
0.4169921875
0.3798828125
0.37646484375
0.41650390625
0.421875
0.45458984375
0.43408203125
0.39013671875
0.39404296875
0.34912109375
0.3818359375
0.37109375
0.3974609375
0.3701171875
0.37255859375
0.3681640625
0.376953125
0.41259765625
0.38037109375
0.38330078125
0.3701171875
0.3974609375
0.4267578125
0.43212890625
0.40869140625
0.39501953125
0.39501953125
0.36083984375
0.361328125
0.40185546875
0.4150390625
0.35791015625
0.35546875
0.31884765625
0.31884765625
0.3515625
0.35107421875
0.3486328125
0.3359375
0.34716796875
0.37841796875
0.39697265625
0.41162109375
0.42138671875
0.41064453125
0.38330078125
0.36669921875
0.33984375
0.33740234375
0.3193359375
0.2978515625
0.310546875
0.3037109375
0.314453125
0.29833984375
0.2900390625
0.27685546875
0.271484375
0.2265625
0.19921875
0.15234375
0.11181640625
0.125
0.09130859375
0.10595703125
0.07861328125
0.09228515625
0.10546875
0.09716796875
0.12255859375
0.1552734375
0.13427734375
0.1435546875
0.13916015625
0.1279296875
0.1318359375
0.1025390625
0.08203125
0.107421875
0.12890625
0.119140625
0.109375
0.0859375
0.04736328125
0.0478515625
0.06591796875
0.07666015625
0.08544921875
0.048828125
0.0703125
0.0458984375
0.09228515625
0.05810546875
0.12890625
0.11572265625
0.1171875
0.10595703125
0.11181640625
0.142578125
0.15478515625
0.15234375
0.14306640625
0.111328125
0.1220703125
0.11572265625
0.1083984375
0.07421875
0.060546875
0.0478515625
0.03564453125
0.01611328125
0.06201171875
0.0654296875
0.05859375
0.095703125
0.10986328125
0.09912109375
0.0537109375
0.0595703125
0.05224609375
0.0517578125
0.09130859375
0.064453125
0.0810546875
0.05615234375
0.0625
0.103515625
0.12158203125
0.13720703125
0.11767578125
0.0654296875
0.07177734375
0.10205078125
0.111328125
0.087890625
0.1142578125
0.14697265625
0.1435546875
0.1298828125
0.1142578125
0.08544921875
0.09130859375
0.11376953125
0.13916015625
0.17138671875
0.14599609375
0.15283203125
0.1865234375
0.2177734375
0.19775390625
0.22412109375
0.19873046875
0.23486328125
0.2451171875
0.27734375
0.279296875
0.310546875
0.34814453125
0.37158203125
0.3984375
0.40380859375
0.3447265625
0.39501953125
0.36083984375
0.39111328125
0.34716796875
0.38134765625
0.419921875
0.43603515625
0.4580078125
0.43115234375
0.44921875
0.42919921875
0.4296875
0.41943359375
0.416015625
0.37744140625
0.388671875
0.34423828125
0.3427734375
0.36181640625
0.34326171875
0.32958984375
0.33349609375
0.3427734375
0.35546875
0.37060546875
0.345703125
0.32666015625
0.3525390625
0.35595703125
0.34619140625
0.30078125
0.3037109375
0.31591796875
0.3037109375
0.263671875
0.26806640625
0.25830078125
0.24951171875
0.20654296875
0.21337890625
0.18310546875
0.21337890625
0.2490234375
0.24658203125
0.2431640625
0.26611328125
0.24658203125
0.2177734375
0.20751953125
0.1689453125
0.22998046875
0.2265625
0.263671875
0.232421875
0.224609375
0.20556640625
0.24951171875
0.23828125
0.27783203125
0.26171875
0.25927734375
0.19091796875
0.1953125
0.22119140625
0.24609375
0.2646484375
0.2978515625
0.3095703125
0.3193359375
0.294921875
0.2744140625
0.2548828125
0.2099609375
0.208984375
0.20361328125
0.25146484375
0.32470703125
0.28662109375
0.35205078125
0.35693359375
0.36376953125
0.40576171875
0.4462890625
0.46630859375
0.45068359375
0.431640625
0.38916015625
0.390625
0.41162109375
0.41552734375
0.4140625
0.42333984375
0.4208984375
0.39501953125
0.3603515625
0.3876953125
0.4111328125
0.4248046875
0.455078125
0.486328125
0.45751953125
0.44140625
0.4482421875
0.44091796875
0.40625
0.39501953125
0.34912109375
0.3642578125
0.36962890625
0.40185546875
0.38818359375
0.3642578125
0.3623046875
0.36083984375
0.35205078125
0.38330078125
0.3701171875
0.345703125
0.3037109375
0.29443359375
0.30224609375
0.29833984375
0.296875
0.3134765625
0.32177734375
0.33203125
0.35595703125
0.37890625
0.37255859375
0.38623046875
0.35791015625
0.33740234375
0.306640625
0.29443359375
0.2841796875
0.2734375
0.24609375
0.244140625
0.244140625
0.24755859375
0.25830078125
0.25146484375
0.2548828125
0.2724609375
0.2861328125
0.24658203125
0.21630859375
0.2177734375
0.23486328125
0.24462890625
0.283203125
0.244140625
0.24267578125
0.19970703125
0.2158203125
0.22265625
0.22265625
0.2275390625
0.21337890625
0.18017578125
0.193359375
0.2158203125
0.23876953125
0.25146484375
0.23876953125
0.23486328125
0.2607421875
0.2041015625
0.2490234375
0.275390625
0.2783203125
0.26806640625
0.27490234375
0.23388671875
0.2841796875
0.3115234375
0.30859375
0.2919921875
0.34130859375
0.34033203125
0.3369140625
0.34130859375
0.34423828125
0.306640625
0.34228515625
0.30029296875
0.28369140625
0.31298828125
0.296875
0.28759765625
0.2529296875
0.31591796875
0.2978515625
0.28369140625
0.318359375
0.314453125
0.29638671875
0.28564453125
0.2861328125
0.330078125
0.36279296875
0.36572265625
0.3466796875
0.31884765625
0.33935546875
0.33642578125
0.3447265625
0.36767578125
0.32763671875
0.3310546875
0.34130859375
0.35986328125
0.38818359375
0.462890625
0.45947265625
0.509765625
0.5068359375
0.53076171875
0.458984375
0.4775390625
0.4970703125
0.5400390625
0.59326171875
0.58642578125
0.5869140625
0.59765625
0.62646484375
0.58154296875
0.56640625
0.57861328125
0.59912109375
0.59423828125
0.60009765625
0.64208984375
0.62939453125
0.66796875
0.6455078125
0.66943359375
0.66650390625
0.658203125
0.66015625
0.6513671875
0.65576171875
0.65478515625
0.6376953125
0.67724609375
0.67333984375
0.6650390625
0.6279296875
0.65673828125
0.6455078125
0.68896484375
0.7099609375
0.69677734375
0.69384765625
0.7158203125
0.716796875
0.68115234375
0.6650390625
0.6357421875
0.626953125
0.66357421875
0.68017578125
0.67822265625
0.6904296875
0.69140625
0.67138671875
0.6376953125
0.64794921875
0.6162109375
0.6083984375
0.62451171875
0.64892578125
0.6376953125
0.63720703125
0.591796875
0.5732421875
0.54833984375
0.52490234375
0.5166015625
0.509765625
0.50537109375
0.53955078125
0.50341796875
0.494140625
0.4853515625
0.46044921875
0.447265625
0.4501953125
0.39306640625
0.39599609375
0.38330078125
0.37939453125
0.4130859375
0.404296875
0.45263671875
0.4599609375
0.4716796875
0.47607421875
0.44580078125
0.41455078125
0.4228515625
0.39599609375
0.421875
0.392578125
0.419921875
0.4560546875
0.46142578125
0.498046875
0.4990234375
0.521484375
0.55908203125
0.54248046875
0.51220703125
0.4892578125
0.533203125
0.53466796875
0.55908203125
0.55322265625
0.54736328125
0.49169921875
0.4755859375
0.47607421875
0.46533203125
0.47509765625
0.494140625
0.5078125
0.53271484375
0.5166015625
0.529296875
0.5048828125
0.49462890625
0.46875
0.5546875
0.56787109375
0.583984375
0.5380859375
0.525390625
0.51220703125
0.47216796875
0.46728515625
0.482421875
0.4423828125
0.44482421875
0.44287109375
0.45068359375
0.46240234375
0.4853515625
0.46630859375
0.4755859375
0.48583984375
0.4736328125
0.46044921875
0.48291015625
0.52783203125
0.50146484375
0.52197265625
0.5458984375
0.56982421875
0.53662109375
0.5029296875
0.50634765625
0.53173828125
0.5078125
0.4892578125
0.47412109375
0.4951171875
0.5263671875
0.51416015625
0.5166015625
0.53076171875
0.517578125
0.51513671875
0.48193359375
0.4541015625
0.3759765625
0.357421875
0.333984375
0.3564453125
0.408203125
0.39306640625
0.380859375
0.38330078125
0.38720703125
0.3369140625
0.32275390625
0.32763671875
0.28955078125
0.3154296875
0.31298828125
0.298828125
0.30126953125
0.3046875
0.30517578125
0.2890625
0.26171875
0.28662109375
0.24462890625
0.21240234375
0.24169921875
0.2470703125
0.2529296875
0.2587890625
0.21484375
0.197265625
0.181640625
0.123046875
0.119140625
0.13720703125
0.15625
0.1826171875
0.1455078125
0.14306640625
0.146484375
0.17138671875
0.2041015625
0.193359375
0.1904296875
0.2431640625
0.23388671875
0.1962890625
0.189453125
0.16064453125
0.1591796875
0.1552734375
0.19189453125
0.21142578125
0.2666015625
0.2900390625
0.27978515625
0.2236328125
0.2392578125
0.25439453125
0.302734375
0.3095703125
0.31640625
0.2998046875
0.27197265625
0.33349609375
0.31494140625
0.26171875
0.2978515625
0.310546875
0.29443359375
0.30029296875
0.32568359375
0.31884765625
0.3310546875
0.34326171875
0.32861328125
0.27880859375
0.29345703125
0.29833984375
0.3603515625
0.3994140625
0.42041015625
0.43994140625
0.45751953125
0.45263671875
0.41552734375
0.43798828125
0.4228515625
0.46826171875
0.43359375
0.466796875
0.43701171875
0.48486328125
0.47607421875
0.47900390625
0.515625
0.4560546875
0.43896484375
0.45166015625
0.46142578125
0.42919921875
0.38330078125
0.36181640625
0.3837890625
0.373046875
0.41748046875
0.45703125
0.44287109375
0.45068359375
0.44970703125
0.43310546875
0.421875
0.43994140625
0.44482421875
0.466796875
0.443359375
0.4384765625
0.4208984375
0.38525390625
0.37890625
0.38818359375
0.369140625
0.4013671875
0.37646484375
0.37890625
0.41259765625
0.3857421875
0.3876953125
0.41259765625
0.45068359375
0.49853515625
0.498046875
0.466796875
0.50390625
0.50341796875
0.5322265625
0.529296875
0.55029296875
0.57373046875
0.5712890625
0.61083984375
0.61083984375
0.66943359375
0.6552734375
0.65380859375
0.60791015625
0.591796875
0.60009765625
0.59619140625
0.57568359375
0.5732421875
0.5625
0.607421875
0.6162109375
0.59033203125
0.59326171875
0.56982421875
0.60302734375
0.5771484375
0.5478515625
0.5615234375
0.57373046875
0.56689453125
0.59716796875
0.5673828125
0.578125
0.595703125
0.60546875
0.5732421875
0.5634765625
0.57421875
0.55908203125
0.57861328125
0.58984375
0.57421875
0.591796875
0.5986328125
0.58349609375
0.56884765625
0.5830078125
0.59619140625
0.56494140625
0.544921875
0.541015625
0.54833984375
0.5263671875
0.4990234375
0.53466796875
0.53125
0.5576171875
0.5693359375
0.57470703125
0.6064453125
0.6142578125
0.61865234375
0.60498046875
0.58447265625
0.591796875
0.58203125
0.59033203125
0.57861328125
0.6015625
0.56396484375
0.58740234375
0.58740234375
0.56201171875
0.54833984375
0.55029296875
0.5732421875
0.59326171875
0.59765625
0.59716796875
0.59375
0.5791015625
0.595703125
0.56005859375
0.5732421875
0.56201171875
0.5234375
0.54638671875
0.52490234375
0.52783203125
0.51513671875
0.52001953125
0.50390625
0.50830078125
0.50927734375
0.47412109375
0.474609375
0.4677734375
0.4541015625
0.45263671875
0.4462890625
0.482421875
0.43310546875
0.3837890625
0.3564453125
0.36083984375
0.39892578125
0.36865234375
0.3388671875
0.3544921875
0.33349609375
0.30029296875
0.3037109375
0.3134765625
0.337890625
0.3818359375
0.3466796875
0.369140625
0.3984375
0.3525390625
0.328125
0.4111328125
0.4287109375
0.3837890625
0.40234375
0.41162109375
0.380859375
0.39892578125
0.47119140625
0.4521484375
0.42529296875
0.478515625
0.498046875
0.50830078125
0.49267578125
0.4853515625
0.47802734375
0.4736328125
0.49755859375
0.46728515625
0.4521484375
0.46728515625
0.455078125
0.48046875
0.4609375
0.486328125
0.46875
0.474609375
0.482421875
0.48583984375
0.48974609375
0.48583984375
0.48095703125
0.4580078125
0.45556640625
0.50927734375
0.56591796875
0.55126953125
0.5546875
0.5234375
0.5185546875
0.521484375
0.5380859375
0.53759765625
0.5634765625
0.52978515625
0.537109375
0.54296875
0.4794921875
