0.7992
0.8296
0.836
0.8232
0.816
0.812
0.7984
0.74
0.7504
0.7488
0.7504
0.7472
0.7672
0.7776
0.7776
0.7984
0.8016
0.7856
0.7792
0.7592
0.736
0.7032
0.7096
0.7064
0.7112
0.7048
0.6784
0.6832
0.716
0.6944
0.7272
0.7552
0.8016
0.8128
0.8368
0.8424
0.8392
0.8544
0.8776
0.8504
0.8512
0.8176
0.8192
0.8232
0.812
0.7712
0.8088
0.7688
0.752
0.7864
0.8304
0.8168
0.8392
0.8784
0.8608
0.8488
0.8528
0.868
0.8568
0.868
0.8584
0.8632
0.828
0.82
0.844
0.8336
0.8464
0.8584
0.8552
0.8288
0.8088
0.8008
0.7928
0.824
0.8424
0.812
0.816
0.788
0.776
0.7768
0.7712
0.828
0.8624
0.864
0.8536
0.8568
0.8544
0.8488
0.8176
0.8232
0.8184
0.78
0.7864
0.792
0.8216
0.8248
0.8208
0.8424
0.8456
0.8264
0.8184
0.8368
0.8208
0.7968
0.8144
0.8416
0.8272
0.84
0.844
0.8712
0.8632
0.888
0.8664
0.8336
0.8464
0.8656
0.8568
0.8696
0.86
0.8632
0.8512
0.8496
0.848
0.8736
0.8504
0.8488
0.8464
0.8336
0.8136
0.7968
0.828
0.8624
0.8168
0.8136
0.8048
0.7944
0.796
0.796
0.7976
0.8128
0.8056
0.768
0.7472
0.7608
0.764
0.7952
0.796
0.788
0.784
0.7888
0.7968
0.8032
0.8176
0.8432
0.8168
0.828
0.8592
0.8528
0.8384
0.8752
0.8464
0.8448
0.8208
0.8432
0.8304
0.844
0.8296
0.8488
0.8664
0.8736
0.86
0.8768
0.8792
0.8912
0.8632
0.8584
0.8896
0.8608
0.8504
0.8616
0.8792
0.8768
0.8856
0.9032
0.8976
0.8712
0.856
0.8392
0.8488
0.832
0.848
0.832
0.8424
0.8624
0.856
0.8744
0.872
0.8824
0.868
0.8736
0.8728
0.8232
0.8256
0.8328
0.82
0.8464
0.8424
0.8392
0.8448
0.8672
0.8528
0.8408
0.8248
0.8456
0.8312
0.8712
0.8712
0.868
0.8936
0.8776
0.8816
0.8736
0.8744
0.8848
0.8392
0.8432
0.8368
0.8032
0.816
0.872
0.8872
0.896
0.8672
0.8472
0.868
0.8768
0.8712
0.86
0.8664
0.8632
0.8432
0.876
0.8344
0.848
0.8544
0.8784
0.8552
0.8344
0.8192
0.8312
0.7912
0.8472
0.8072
0.8112
0.8072
0.8384
0.8328
0.8384
0.8208
0.8128
0.8288
0.8088
0.8176
0.8128
0.8288
0.86
0.8432
0.8304
0.8496
0.8368
0.8232
0.7944
0.8104
0.844
0.8192
0.812
0.8344
0.8264
0.8168
0.7904
0.7912
0.8232
0.8648
0.8696
0.8776
0.888
0.8832
0.8584
0.8784
0.8568
0.8448
0.8856
0.8576
0.8384
0.88
0.8688
0.8344
0.8456
0.8392
0.8224
0.8824
0.8656
0.852
0.8688
0.8856
0.8728
0.864
0.8544
0.8944
0.8888
0.8744
0.8672
0.8792
0.8504
0.8816
0.8768
0.8856
0.8504
0.8232
0.8592
0.828
0.8472
0.8616
0.844
0.868
0.872
0.8344
0.8344
0.828
0.8416
0.8216
0.8072
0.8096
0.7896
0.7896
0.7568
0.7648
0.8016
0.7968
0.8216
0.8024
0.7576
0.7712
0.8088
0.8032
0.7504
0.792
0.7944
0.8376
0.8352
0.856
0.8544
0.82
0.8552
0.8792
0.8736
0.8624
0.8376
0.8504
0.8528
0.856
0.8616
0.8648
0.8752
0.864
0.8832
0.9008
0.8672
0.8576
0.8224
0.8224
0.8248
0.8304
0.8232
0.8152
0.836
0.8344
0.8128
0.7992
0.8008
0.8416
0.8032
0.8064
0.8048
0.7968
0.8
0.7832
0.7736
0.7608
0.7576
0.7912
0.788
0.7864
0.8168
0.8272
0.8592
0.8736
0.8664
0.8352
0.8456
0.8176
0.8224
0.8056
0.8192
0.8424
0.8384
0.8104
0.8096
0.8048
0.8424
0.8568
0.8672
0.868
0.896
0.8736
0.8616
0.8704
0.8448
0.84
0.8496
0.8352
0.8768
0.8536
0.8648
0.8824
0.8504
0.8496
0.856
0.8192
0.7896
0.792
0.7816
0.7656
0.7872
0.7848
0.8056
0.8088
0.7872
0.788
0.8344
0.8656
0.8536
0.8288
0.836
0.8336
0.8552
0.8664
0.876
0.8632
0.8256
0.8304
0.8224
0.8208
0.84
0.8544
0.8384
0.852
0.8456
0.8664
0.84
0.8168
0.7824
0.7504
0.7496
0.7528
0.7432
0.7784
0.8088
0.792
0.812
0.8432
0.8616
0.8632
0.8576
0.8656
0.8736
0.888
0.9056
0.8696
0.848
0.8536
0.876
0.8896
0.8736
0.8296
0.8336
0.8192
0.82
0.8272
0.832
0.8432
0.8464
0.856
0.8656
0.8664
0.8304
0.8384
0.8608
0.8616
0.8728
0.8784
0.8976
0.8464
0.8368
0.8184
0.864
0.832
0.8288
0.8496
0.8656
0.8776
0.8616
0.8904
0.876
0.8608
0.8488
0.8904
0.8784
0.836
0.8192
0.84
0.8504
0.888
0.8752
0.872
0.868
0.8904
0.876
0.844
0.8128
0.7984
0.7944
0.8256
0.8304
0.8056
0.8424
0.8408
0.8392
0.8536
0.8608
0.8592
0.8344
0.8376
0.8536
0.8456
0.8688
0.88
0.8656
0.8664
0.84
0.8528
0.8512
0.8376
0.828
0.8184
0.7928
0.7824
0.796
0.7992
0.8056
0.8296
0.8352
0.8232
0.8392
0.8352
0.8112
0.8304
0.8632
0.848
0.832
0.8336
0.8528
0.8128
0.8328
0.8192
0.8632
0.8592
0.8528
0.8616
0.8336
0.8128
0.8288
0.8032
0.7952
0.7792
0.8008
0.7744
0.8168
0.832
0.852
0.8232
0.8072
0.7864
0.8272
0.8088
0.8168
0.8256
0.848
0.8072
0.7672
0.768
0.7288
0.7488
0.7632
0.7344
0.7576
0.7488
0.7296
0.7288
0.7448
0.7704
0.7568
0.7704
0.8048
0.8
0.7888
0.7904
0.7528
0.8008
0.7816
0.78
0.7296
0.7056
0.732
0.7408
0.7336
0.7504
0.752
0.7792
0.7864
0.8112
0.8256
0.8416
0.82
0.8008
0.8032
0.8128
0.8064
0.7992
0.828
0.8184
0.8504
0.8344
0.8096
0.8408
0.8248
0.8408
0.8112
0.8312
0.7992
0.8104
0.8344
0.8328
0.8584
0.8456
0.8624
0.8752
0.852
0.8648
0.8592
0.8736
0.8432
0.8464
0.8416
0.828
0.836
0.832
0.856
0.7872
0.768
0.7712
0.82
0.788
0.792
0.7864
0.7816
0.8368
0.8192
0.8296
0.8232
0.8456
0.836
0.844
0.8736
0.8712
0.852
0.8224
0.8576
0.8592
0.852
0.852
0.8792
0.8928
0.8824
0.8808
0.8712
0.8592
0.8504
0.88
0.8752
0.8784
0.8376
0.8592
0.8576
0.8432
0.8312
0.8224
0.8152
0.8112
0.8336
0.8288
0.788
0.7448
0.7264
0.7592
0.7928
0.7888
0.8048
0.7696
0.7384
0.7544
0.792
0.7968
0.7808
0.7328
0.7512
0.7656
0.784
0.816
0.7784
0.7976
0.808
0.8008
0.7504
0.7752
0.776
0.7584
0.7896
0.7744
0.8176
0.8296
0.8464
0.8488
0.8392
0.8384
0.8032
0.852
0.824
0.8096
0.8288
0.7944
0.7912
0.8376
0.8456
0.8032
0.788
0.8176
0.8176
0.872
0.8696
0.828
0.828
0.8184
0.8032
0.8304
0.82
0.8328
0.8072
0.7912
0.7888
0.7912
0.7576
0.7752
0.7728
0.7496
0.7832
0.7456
0.7256
0.7256
0.7032
0.7504
0.7768
0.8176
0.7824
0.78
0.7576
0.7768
0.7576
0.788
0.7848
0.7784
0.7968
0.7848
0.7808
0.7704
0.8184
0.7808
0.7368
0.7384
0.7568
0.7256
0.7328
0.6952
0.7128
0.6896
0.708
0.672
0.6464
0.6784
0.672
0.704
0.7128
0.6888
0.7296
0.7344
0.7152
0.7104
0.7224
0.772
0.7776
0.7544
0.7616
0.7688
0.8128
0.7888
0.8144
0.7728
0.792
0.8464
0.848
0.8752
0.864
0.84
0.8168
0.8264
0.8664
0.8392
0.8472
0.836
0.832
0.8296
0.832
0.8392
0.864
0.8376
0.7968
0.8608
0.8496
0.8536
0.8632
0.8888
0.8728
0.86
0.8704
0.8728
0.8768
0.84
0.8528
0.852
0.8208
0.84
0.8248
0.8568
0.8552
0.8464
0.8872
0.8688
0.872
0.8064
0.8248
0.8288
0.8496
0.8488
0.8568
0.8616
0.8408
0.8496
0.8576
0.86
0.852
0.8832
0.836
0.8328
0.8456
0.8448
0.8664
0.8744
0.8608
0.88
0.8576
0.888
0.868
0.8304
0.8504
0.8448
0.8208
0.8256
0.8376
0.832
0.8608
0.8752
0.8512
0.832
0.836
0.8384
0.8424
0.856
0.8432
0.8424
0.8
0.8128
0.8104
0.8416
0.8024
0.82
0.8784
0.8672
0.8744
0.8664
0.8448
0.8744
0.8736
0.8976
0.868
0.8592
0.8528
0.8608
0.8464
0.86
0.8576
0.8112
0.8544
0.86
0.8592
0.8496
0.8328
0.8376
0.836
0.8032
0.7888
0.8096
0.7864
0.7888
0.8536
0.8616
0.8656
0.8448
0.8312
0.8144
0.808
0.7752
0.7736
0.7784
0.7848
0.7912
0.84
0.8328
0.8288
0.86
0.8672
0.8552
0.8496
0.848
0.8264
0.8232
0.8312
0.8472
0.824
0.864
0.8656
0.8728
0.848
0.8496
0.8064
0.82
0.8416
0.8792
0.824
0.82
0.8192
0.8088
0.8312
0.8232
0.8312
0.8016
0.7712
0.7856
0.7768
0.8064
0.8416
0.86
0.872
0.8728
0.888
0.8888
0.8768
0.8424
0.8232
0.8136
0.8232
