0.26025390625
0.24853515625
0.1943359375
0.2080078125
0.16259765625
0.1904296875
0.2119140625
0.265625
0.23779296875
0.23828125
0.20947265625
0.216796875
0.22314453125
0.2236328125
0.22802734375
0.21923828125
0.181640625
0.14794921875
0.14990234375
0.15234375
0.21630859375
0.20849609375
0.21533203125
0.18505859375
0.208984375
0.21484375
0.14013671875
0.17724609375
0.181640625
0.21337890625
0.189453125
0.23681640625
0.24560546875
0.2333984375
0.2412109375
0.27880859375
0.34423828125
0.328125
0.3134765625
0.28955078125
0.27783203125
0.3154296875
0.279296875
0.30126953125
0.29345703125
0.32470703125
0.283203125
0.283203125
0.28955078125
0.28564453125
0.31982421875
0.28515625
0.2666015625
0.24951171875
0.291015625
0.2919921875
0.318359375
0.3076171875
0.369140625
0.390625
0.349609375
0.37255859375
0.353515625
0.38623046875
0.39599609375
0.3974609375
0.365234375
0.3349609375
0.3583984375
0.3720703125
0.3525390625
0.37646484375
0.3583984375
0.3486328125
0.3994140625
0.3955078125
0.37548828125
0.40576171875
0.3701171875
0.3701171875
0.3544921875
0.43212890625
0.42529296875
0.41552734375
0.4306640625
0.4462890625
0.4453125
0.421875
0.3955078125
0.37451171875
0.36376953125
0.33154296875
0.306640625
0.31787109375
0.26318359375
0.25244140625
0.2412109375
0.25
0.232421875
0.22607421875
0.18701171875
0.14453125
0.1083984375
0.09228515625
0.04541015625
0.0703125
0.05615234375
0.037109375
0.08251953125
0.05126953125
0.05029296875
0.00439453125
0.02001953125
0.0517578125
0.0263671875
0.04296875
0.03369140625
0.0146484375
0.0107421875
0.03076171875
0.04638671875
0.04248046875
0.064453125
0.0302734375
0.05029296875
0.05517578125
0.0380859375
0.0380859375
0.0244140625
0.04443359375
0.09375
0.09130859375
0.07080078125
0.0576171875
0.076171875
0.044921875
0.00732421875
0.03125
0.07421875
0.076171875
0.08349609375
0.09765625
0.140625
0.14306640625
0.150390625
0.1064453125
0.05419921875
0.09228515625
0.060546875
0.087890625
0.08837890625
0.05126953125
0.04345703125
0.01025390625
0.02734375
0.052734375
0.0400390625
0.02978515625
0.0361328125
0.01708984375
0.00244140625
0.017578125
0.0517578125
0.07373046875
0.091796875
0.072265625
0.01904296875
0.01513671875
0.0078125
0.02294921875
0.00634765625
0.01416015625
0.00439453125
0.02490234375
0.00390625
0.0283203125
0.02587890625
0.0517578125
0.06494140625
0.06591796875
0.07666015625
0.080078125
0.11328125
0.076171875
0.11328125
0.11083984375
0.1259765625
0.11474609375
0.08935546875
0.0703125
0.08447265625
0.0947265625
0.09033203125
0.11328125
0.1494140625
0.17919921875
0.19287109375
0.2236328125
0.21435546875
0.1884765625
0.15869140625
0.1640625
0.1826171875
0.12939453125
0.13134765625
0.14404296875
0.13818359375
0.1474609375
0.185546875
0.19970703125
0.1748046875
0.1943359375
0.212890625
0.18212890625
0.15673828125
0.17724609375
0.146484375
0.1220703125
0.1611328125
0.11669921875
0.12841796875
0.1298828125
0.11767578125
0.1083984375
0.111328125
0.13134765625
0.123046875
0.1142578125
0.1201171875
0.13232421875
0.11328125
0.08056640625
0.10400390625
0.1083984375
0.1259765625
0.14892578125
0.181640625
0.16162109375
0.14892578125
0.1533203125
0.08447265625
0.091796875
0.091796875
0.10986328125
0.11376953125
0.1376953125
0.1474609375
0.1494140625
0.126953125
0.16796875
0.1611328125
0.17138671875
0.171875
0.1435546875
0.20947265625
0.1982421875
0.21533203125
0.1962890625
0.1923828125
0.1767578125
0.171875
0.19287109375
0.1298828125
0.123046875
0.1259765625
0.15576171875
0.15478515625
0.1865234375
0.21337890625
0.24462890625
0.2705078125
0.2939453125
0.25439453125
0.27880859375
0.29443359375
0.28955078125
0.31591796875
0.30517578125
0.3056640625
0.3212890625
0.302734375
0.29345703125
0.3212890625
0.30712890625
0.34912109375
0.36572265625
0.41064453125
0.32861328125
0.318359375
0.35595703125
0.3984375
0.37109375
0.34375
0.345703125
0.3203125
0.27392578125
0.294921875
0.29248046875
0.33251953125
0.38525390625
0.4072265625
0.39794921875
0.345703125
0.322265625
0.30712890625
0.302734375
0.3076171875
0.2900390625
0.32373046875
0.3037109375
0.30126953125
0.33203125
0.3271484375
0.35986328125
0.37548828125
0.40087890625
0.43603515625
0.47119140625
0.46875
0.44189453125
0.408203125
0.40283203125
0.42333984375
0.3916015625
0.37353515625
0.3701171875
0.37744140625
0.35888671875
0.38720703125
0.34912109375
0.3583984375
0.35107421875
0.37890625
0.390625
0.39990234375
0.4052734375
0.390625
0.38818359375
0.40625
0.35205078125
0.37451171875
0.3759765625
0.36328125
0.35595703125
0.3447265625
0.345703125
0.29638671875
0.24169921875
0.20263671875
0.15283203125
0.12060546875
0.08837890625
0.125
0.10986328125
0.111328125
0.107421875
0.083984375
0.09326171875
0.05908203125
0.0537109375
0.03125
0.0048828125
0.01806640625
0.02978515625
0.0146484375
0.01708984375
0.0107421875
0.0390625
0.07568359375
0.0615234375
0.06787109375
0.091796875
0.0517578125
0.0205078125
0.02783203125
0.0546875
0.06396484375
0.10595703125
0.1259765625
0.0947265625
0.14013671875
0.107421875
0.060546875
0.0869140625
0.10986328125
0.09033203125
0.10693359375
0.15234375
0.15087890625
0.1376953125
0.13623046875
0.1591796875
0.14501953125
0.15625
0.16796875
0.1884765625
0.22900390625
0.23486328125
0.20947265625
0.19775390625
0.19384765625
0.17529296875
0.18701171875
0.17431640625
0.16650390625
0.1171875
0.12646484375
0.10400390625
0.07568359375
0.0634765625
0.06396484375
0.037109375
0.02001953125
0.0009765625
0.044921875
0.02734375
0.07080078125
0.08154296875
0.09228515625
0.0595703125
0.0771484375
0.0224609375
0.04541015625
0.02197265625
0.0205078125
0.02587890625
0.0869140625
0.0771484375
0.07421875
0.0400390625
0.00439453125
0.01171875
0.01171875
0.037109375
0.02880859375
0.04833984375
0.06201171875
0.033203125
0.0166015625
0.01806640625
0.07275390625
0.0224609375
0.0068359375
0.04150390625
0.07275390625
0.0810546875
0.05322265625
0.06591796875
0.00390625
0.00048828125
0.01416015625
0.02783203125
0.0400390625
0.05224609375
0.03857421875
0.072265625
0.0625
0.076171875
0.04931640625
0.07958984375
0.11962890625
0.109375
0.0927734375
0.11279296875
0.03857421875
0.0
0.05908203125
0.06396484375
0.08740234375
0.0732421875
0.0830078125
0.0205078125
0.0146484375
0.03857421875
0.0361328125
0.0
0.009765625
0.00244140625
0.029296875
0.01171875
0.015625
0.021484375
0.05810546875
0.04345703125
0.0927734375
0.09326171875
0.12060546875
0.115234375
0.1064453125
0.09814453125
0.09912109375
0.09326171875
0.09423828125
0.12353515625
0.1220703125
0.14990234375
0.19189453125
0.201171875
0.197265625
0.236328125
0.265625
0.2578125
0.296875
0.3076171875
0.3017578125
0.3056640625
0.3037109375
0.2998046875
0.32373046875
0.3955078125
0.44921875
0.45458984375
0.498046875
0.45849609375
0.4326171875
0.3955078125
0.43212890625
0.36328125
0.4130859375
0.4443359375
0.421875
0.41552734375
0.423828125
0.40576171875
0.3896484375
0.37109375
0.33984375
0.37890625
0.37060546875
0.39013671875
0.4189453125
0.3935546875
0.3720703125
0.3974609375
0.37109375
0.40185546875
0.4150390625
0.37255859375
0.3662109375
0.36474609375
0.29296875
0.31494140625
0.2802734375
0.25244140625
0.2431640625
0.25927734375
0.22216796875
0.25830078125
0.31689453125
0.26806640625
0.26708984375
0.279296875
0.34716796875
0.3525390625
0.37890625
0.408203125
0.4189453125
0.42333984375
0.40283203125
0.43798828125
0.43994140625
0.4482421875
0.44921875
0.4033203125
0.41162109375
0.38623046875
0.38134765625
0.3720703125
0.3505859375
0.330078125
0.3359375
0.32275390625
0.3203125
0.32373046875
0.29443359375
0.33984375
0.3486328125
0.31640625
0.333984375
0.39208984375
0.39111328125
0.419921875
0.43505859375
0.44287109375
0.38818359375
0.3681640625
0.3955078125
0.380859375
0.33251953125
0.37646484375
0.3779296875
0.43505859375
0.4912109375
0.51025390625
0.501953125
0.5224609375
0.49072265625
0.47412109375
0.5126953125
0.478515625
0.50537109375
0.541015625
0.548828125
0.513671875
0.55224609375
0.6298828125
0.62060546875
0.6083984375
0.6240234375
0.61669921875
0.6025390625
0.61962890625
0.5986328125
0.5947265625
0.5517578125
0.54296875
0.53076171875
0.51220703125
0.49169921875
0.533203125
0.5478515625
0.5537109375
0.54052734375
0.57666015625
0.5498046875
0.52001953125
0.56298828125
0.55224609375
0.556640625
0.537109375
0.5380859375
0.54150390625
0.5927734375
0.591796875
0.63232421875
0.66552734375
0.66357421875
0.65478515625
0.66357421875
0.65478515625
0.58349609375
0.619140625
0.62548828125
0.6298828125
0.6318359375
0.66552734375
0.68603515625
0.64013671875
0.6591796875
0.689453125
0.6689453125
0.64501953125
0.6455078125
0.62744140625
0.654296875
0.67431640625
0.6435546875
0.583984375
0.580078125
0.58203125
0.59375
0.6279296875
0.64990234375
0.66015625
0.70947265625
0.6796875
0.6416015625
0.60693359375
0.62060546875
0.63671875
0.64697265625
0.61767578125
0.6103515625
0.6630859375
0.6845703125
0.63134765625
0.6103515625
0.63916015625
0.62255859375
0.587890625
0.61572265625
0.599609375
0.58740234375
0.57373046875
0.59716796875
0.6181640625
0.61083984375
0.62841796875
0.58447265625
0.5859375
0.607421875
0.59716796875
0.57861328125
0.57861328125
0.60009765625
0.626953125
0.61865234375
0.60546875
0.60986328125
0.59375
0.6201171875
0.5517578125
0.45703125
0.50634765625
0.5458984375
0.48486328125
0.5078125
0.47900390625
0.47509765625
0.4775390625
0.49560546875
0.482421875
0.47705078125
0.53955078125
0.55517578125
0.54931640625
0.54443359375
0.49267578125
0.51904296875
0.51220703125
0.5078125
0.51513671875
0.49560546875
0.51953125
0.515625
0.53955078125
0.5126953125
0.5654296875
0.56103515625
0.55126953125
0.5224609375
0.47900390625
0.4599609375
0.42578125
0.43310546875
0.4560546875
0.517578125
0.5791015625
0.6171875
0.62109375
0.6064453125
0.57958984375
0.55029296875
0.5263671875
0.5498046875
0.5869140625
0.5927734375
0.6083984375
0.615234375
0.6201171875
0.615234375
0.658203125
0.654296875
0.63623046875
0.64306640625
0.62353515625
0.60205078125
0.599609375
0.59423828125
0.58544921875
0.56396484375
0.53271484375
0.56640625
0.564453125
0.5771484375
0.62939453125
0.623046875
0.62060546875
0.61083984375
0.6181640625
0.6162109375
0.57177734375
0.548828125
0.548828125
0.5634765625
0.599609375
0.61328125
0.609375
0.58203125
0.58154296875
0.5927734375
0.6181640625
0.64697265625
0.6591796875
0.64013671875
0.6494140625
0.6298828125
0.630859375
0.6640625
0.68603515625
0.63330078125
0.611328125
0.6171875
0.599609375
0.6025390625
0.64501953125
0.67822265625
0.662109375
0.64697265625
0.6357421875
0.625
0.6328125
0.642578125
0.67578125
0.6416015625
0.6533203125
0.6416015625
0.62060546875
0.6181640625
0.6103515625
0.6337890625
0.640625
0.6279296875
0.63232421875
0.646484375
0.68017578125
0.6435546875
0.6669921875
0.66015625
0.67822265625
0.70068359375
0.6923828125
0.66162109375
0.65966796875
0.69091796875
0.67578125
0.67236328125
0.64990234375
0.5869140625
0.60986328125
0.6259765625
0.58251953125
0.58740234375
0.60205078125
0.62158203125
0.642578125
0.68359375
0.66357421875
0.60595703125
0.626953125
0.6376953125
0.6474609375
0.6591796875
0.65576171875
0.6318359375
0.619140625
0.607421875
0.6376953125
0.6748046875
0.6572265625
0.658203125
0.6865234375
0.67431640625
0.63134765625
0.6025390625
0.59423828125
0.5615234375
0.56201171875
0.6064453125
0.5810546875
0.52685546875
0.5205078125
0.5107421875
0.4873046875
0.40185546875
0.40283203125
0.4267578125
0.43603515625
0.43359375
0.4404296875
0.404296875
0.4423828125
0.4658203125
0.43408203125
0.431640625
0.4208984375
0.44384765625
0.45703125
0.47509765625
0.478515625
0.46533203125
0.48828125
0.474609375
0.501953125
0.5009765625
0.513671875
0.51123046875
0.57470703125
0.55029296875
0.5517578125
0.55517578125
0.560546875
0.52099609375
0.5439453125
0.5498046875
0.5947265625
0.5751953125
0.58642578125
0.55810546875
0.60009765625
0.623046875
0.6513671875
0.603515625
0.5703125
0.55419921875
0.49560546875
0.443359375
0.439453125
0.39697265625
0.3740234375
0.38037109375
0.3837890625
0.42041015625
0.431640625
0.455078125
0.4609375
0.46044921875
0.45556640625
0.48193359375
0.484375
0.4970703125
0.4599609375
0.47509765625
0.513671875
0.52392578125
0.537109375
0.5390625
0.54052734375
0.50341796875
0.54736328125
0.5439453125
0.5595703125
0.5751953125
0.5732421875
0.5732421875
0.5224609375
0.59521484375
0.6064453125
0.626953125
0.623046875
0.6142578125
0.6689453125
0.6357421875
0.59814453125
0.56982421875
0.58935546875
0.599609375
0.5986328125
0.60400390625
0.611328125
0.6318359375
0.61083984375
0.5634765625
0.546875
0.49365234375
0.43359375
0.44384765625
0.46435546875
0.4873046875
0.50830078125
0.48779296875
0.50927734375
0.52001953125
0.52587890625
0.51123046875
0.50634765625
0.44482421875
0.4423828125
0.4736328125
0.46630859375
0.4384765625
0.49169921875
0.52783203125
0.501953125
0.51318359375
0.509765625
0.541015625
0.53515625
0.521484375
0.53955078125
0.564453125
0.55712890625
0.58203125
0.61328125
0.55224609375
0.556640625
0.572265625
0.55712890625
0.552734375
0.54736328125
0.5380859375
0.55322265625
0.560546875
0.55224609375
0.52490234375
0.53466796875
0.533203125
0.51318359375
0.44921875
0.4169921875
