0.664
0.6416
0.6512
0.6424
0.6272
0.6272
0.6808
0.704
0.6752
0.6848
0.6744
0.6272
0.6136
0.5728
0.5808
0.6016
0.664
0.6328
0.5888
0.5928
0.5912
0.644
0.656
0.6232
0.5896
0.6504
0.6496
0.5408
0.4872
0.44
0.4272
0.4208
0.468
0.432
0.3616
0.3824
0.3288
0.3296
0.3344
0.312
0.2856
0.292
0.3248
0.3208
0.376
0.372
0.3128
0.3216
0.328
0.3424
0.3576
0.3928
0.3784
0.3984
0.3528
0.368
0.408
0.4416
0.4536
0.4088
0.4192
0.4464
0.4592
0.4856
0.504
0.5032
0.4392
0.4424
0.436
0.3848
0.4216
0.4032
0.4184
0.404
0.4256
0.4184
0.4312
0.444
0.4264
0.38
0.3952
0.3192
0.2984
0.2704
0.2504
0.2776
0.2936
0.2344
0.224
0.2184
0.2288
0.208
0.256
0.268
0.268
0.2472
0.2864
0.3024
0.3832
0.4136
0.4168
0.452
0.4512
0.4448
0.3928
0.4168
0.4728
0.4352
0.484
0.5024
0.4528
0.4888
0.4416
0.4392
0.36
0.3416
0.3672
0.368
0.392
0.3992
0.3976
0.3776
0.388
0.4056
0.3896
0.3744
0.3464
0.4032
0.3368
0.3008
0.2872
0.3248
0.3584
0.3864
0.4056
0.412
0.368
0.3776
0.3968
0.4088
0.4024
0.4056
0.4184
0.4752
0.4776
0.4688
0.4328
0.4328
0.3976
0.3752
0.412
0.4432
0.4656
0.4792
0.4664
0.4784
0.4776
0.4984
0.544
0.5616
0.5848
0.5512
0.548
0.5632
0.588
0.5752
0.5712
0.56
0.6336
0.6016
0.6376
0.6544
0.628
0.6144
0.6584
0.6448
0.6576
0.632
0.56
0.5528
0.56
0.552
0.5144
0.5032
0.516
0.4848
0.4688
0.4744
0.5024
0.5208
0.556
0.5472
0.5608
0.5096
0.4992
0.5024
0.5
0.5384
0.5368
0.5
0.4728
0.5032
0.4872
0.4864
0.472
0.504
0.4448
0.4376
0.4248
0.42
0.3944
0.4616
0.5024
0.4768
0.4312
0.4392
0.4496
0.4792
0.524
0.5136
0.4944
0.4856
0.5208
0.5336
0.6
0.6336
0.6088
0.6072
0.648
0.6024
0.5776
0.5624
0.6152
0.6712
0.676
0.6944
0.7272
0.6928
0.6696
0.6304
0.6216
0.58
0.56
0.4992
0.4528
0.496
0.4528
0.4976
0.5416
0.5952
0.5184
0.5096
0.4936
0.5056
0.5024
0.5104
0.5096
0.5544
0.5688
0.5648
0.6016
0.5688
0.5408
0.5744
0.6008
0.5824
0.5776
0.5688
0.5992
0.5984
0.592
0.5632
0.5912
0.5232
0.5672
0.572
0.5568
0.5584
0.5976
0.6136
0.6192
0.6488
0.6584
0.6696
0.6872
0.7208
0.7416
0.7208
0.7272
0.7
0.668
0.6608
0.6688
0.6768
0.6592
0.648
0.6192
0.6344
0.6112
0.58
0.5224
0.4896
0.448
0.4912
0.488
0.48
0.46
0.456
0.4928
0.4832
0.4864
0.484
0.468
0.4104
0.4128
0.3472
0.428
0.3896
0.3616
0.4136
0.3792
0.4536
0.4928
0.492
0.5432
0.5544
0.5976
0.5888
0.5816
0.5544
0.604
0.624
0.6096
0.636
0.6064
0.576
0.5712
0.5808
0.496
0.5304
0.5216
0.5384
0.5752
0.5584
0.56
0.5352
0.568
0.6216
0.6328
0.6672
0.608
0.596
0.5576
0.4896
0.4992
0.472
0.4536
0.4304
0.4272
0.4096
0.4096
0.4328
0.3672
0.3616
0.3528
0.36
0.3472
0.3824
0.3848
0.4208
0.4376
0.4048
0.4192
0.408
0.4264
0.416
0.428
0.4464
0.4648
0.4384
0.4744
0.4272
0.428
0.4544
0.4448
0.4712
0.4296
0.4336
0.4632
0.4792
0.5184
0.5056
0.5168
0.4704
0.4544
0.4672
0.488
0.4808
0.4704
0.4472
0.4968
0.436
0.4568
0.5032
0.4912
0.4944
0.5312
0.5512
0.5672
0.5856
0.576
0.4696
0.4904
0.5784
0.568
0.5792
0.56
0.58
0.628
0.6704
0.6432
0.5992
0.6056
0.6232
0.596
0.5856
0.6272
0.6096
0.5976
0.6248
0.6032
0.5944
0.5752
0.572
0.6256
0.6576
0.7152
0.7
0.7024
0.7824
0.7656
0.776
0.7384
0.7072
0.7088
0.708
0.7008
0.6856
0.6656
0.6856
0.724
0.7264
0.7256
0.6768
0.6712
0.7024
0.708
0.6616
0.6248
0.6088
0.6344
0.6608
0.68
0.6752
0.6888
0.7448
0.7576
0.7592
0.7616
0.7472
0.7408
0.7528
0.7872
0.8032
0.8456
0.8256
0.8128
0.7664
0.7392
0.744
0.7952
0.7616
0.7648
0.8016
0.776
0.776
0.7552
0.7536
0.7656
0.7632
0.792
0.8072
0.8184
0.828
0.8088
0.7936
0.7752
0.7832
0.7504
0.7016
0.6744
0.6992
0.6616
0.692
0.7336
0.7736
0.7664
0.8096
0.8168
0.7776
0.7848
0.796
0.8024
0.7848
0.7296
0.6976
0.6864
0.7328
0.7648
0.7592
0.8184
0.8488
0.8408
0.8016
0.832
0.8376
0.8248
0.808
0.7968
0.8008
0.7888
0.7264
0.6928
0.7232
0.7112
0.732
0.7472
0.7208
0.7096
0.7144
0.7064
0.6816
0.6544
0.6048
0.64
0.6
0.6512
0.6672
0.6904
0.7032
0.7136
0.7296
0.688
0.6952
0.6824
0.6296
0.6112
0.5864
0.5808
0.5896
0.5816
0.5584
0.5592
0.5568
0.5712
0.6192
0.668
0.64
0.6592
0.7056
0.684
0.6736
0.6848
0.6544
0.6144
0.6392
0.5824
0.5808
0.5496
0.5672
0.5392
0.52
0.5576
0.552
0.536
0.524
0.4776
0.4912
0.5088
0.5416
0.5272
0.4864
0.464
0.5248
0.5128
0.4896
0.5384
0.5248
0.5856
0.56
0.584
0.5912
0.5824
0.56
0.5696
0.5592
0.596
0.5688
0.5904
0.5896
0.62
0.6144
0.6256
0.6488
0.6536
0.6408
0.6392
0.616
0.58
0.6296
0.6112
0.588
0.6352
0.636
0.668
0.6848
0.6784
0.708
0.728
0.7464
0.7384
0.7464
0.7568
0.7592
0.7416
0.7192
0.6904
0.736
0.7312
0.7176
0.6944
0.6432
0.64
0.6192
0.62
0.6584
0.636
0.5936
0.5744
0.5616
0.5472
0.568
0.596
0.5856
0.6192
0.6344
0.6752
0.672
0.6832
0.6512
0.6752
0.6344
0.704
0.7496
0.6928
0.6864
0.6792
0.6592
0.6624
0.6528
0.6432
0.6968
0.7176
0.6872
0.7248
0.708
0.7216
0.7016
0.6888
0.6952
0.772
0.7816
0.7408
0.7232
0.72
0.7544
0.7048
0.756
0.7776
0.7544
0.7888
0.7304
0.752
0.7288
0.7048
0.7504
0.7704
0.7152
0.7016
0.7056
0.6888
0.6296
0.6944
0.7304
0.676
0.6464
0.6952
0.6648
0.6064
0.6536
0.6912
0.6912
0.712
0.6928
0.6624
0.66
0.68
0.6344
0.6304
0.6144
0.588
0.5488
0.552
0.592
0.528
0.5184
0.5656
0.52
0.5528
0.5288
0.5176
0.4784
0.5136
0.5176
0.5376
0.5704
0.5184
0.5432
0.5392
0.5632
0.5464
0.4936
0.544
0.5992
0.608
0.5864
0.62
0.6456
0.66
0.6704
0.6976
0.7072
0.692
0.6512
0.6768
0.6752
0.688
0.7056
0.7032
0.7384
0.7552
0.7568
0.7568
0.736
0.6784
0.736
0.7344
0.7216
0.7192
0.6832
0.6528
0.6008
0.5848
0.6008
0.6576
0.6
0.6328
0.648
0.6408
0.6408
0.6496
0.724
0.7056
0.6936
0.66
0.6768
0.7024
0.724
0.7448
0.736
0.7144
0.76
0.7624
0.7824
0.7672
0.7128
0.712
0.6344
0.5672
0.6064
0.6352
0.6376
0.6728
0.6936
0.6736
0.7048
0.6608
0.668
0.6952
0.6632
0.6768
0.6656
0.612
0.6416
0.6464
0.6864
0.684
0.6944
0.6952
0.6832
0.6656
0.6448
0.6232
0.5808
0.62
0.5872
0.6064
0.5792
0.5264
0.4896
0.5024
0.5312
0.568
0.5272
0.5
0.568
0.5896
0.5984
0.6
0.6216
0.5576
0.5552
0.5624
0.5464
0.5696
0.5632
0.508
0.5728
0.6056
0.6808
0.7424
0.7344
0.7536
0.7736
0.7928
0.7976
0.812
0.7704
0.7504
0.7664
0.7552
0.6872
0.6384
0.6368
0.6488
0.652
0.7016
0.72
0.6752
0.6888
0.6896
0.7152
0.7296
0.664
0.6904
0.6976
0.6952
0.6504
0.7136
0.6936
0.6992
0.704
0.6976
0.7016
0.7272
0.692
0.6648
0.6688
0.72
0.7136
0.7072
0.7192
0.736
0.7272
0.7872
0.7744
0.7784
0.7632
0.8024
0.8184
0.8064
0.8232
0.8032
0.8264
0.8192
0.816
0.7848
0.8048
0.8032
0.7984
0.784
0.8232
0.7952
0.7848
0.7424
0.7248
0.7136
0.7504
0.7624
0.7168
0.7368
0.7232
0.7232
0.7488
0.7792
0.7552
0.7912
0.792
0.7848
0.7696
0.748
0.6888
0.6856
0.7232
0.7504
0.7704
0.7504
0.7432
0.7448
0.7576
0.7384
0.752
0.756
0.7688
0.7272
0.7744
0.7904
0.752
0.7512
0.7696
0.768
0.7576
0.7536
0.7416
0.74
0.7464
0.6856
0.6776
0.688
0.724
0.732
0.7336
0.748
0.7384
0.6672
0.6152
0.6464
0.6288
0.6216
0.628
0.6424
0.6448
0.6744
0.6296
0.5856
0.5968
0.5968
0.5864
0.6248
0.6608
0.6672
0.6576
0.6584
0.6696
0.6512
0.6488
0.6472
0.6672
0.6432
0.6704
0.6968
0.6912
0.7232
0.7456
0.7584
0.7504
0.7632
0.7504
0.78
0.7728
