0.652
0.6192
0.6424
0.6592
0.6216
0.636
0.6512
0.6904
0.664
0.5944
0.6016
0.5696
0.5864
0.6
0.6152
0.5576
0.5056
0.5136
0.5608
0.5096
0.4816
0.472
0.5528
0.5936
0.556
0.5968
0.6392
0.6456
0.6
0.6008
0.608
0.6024
0.5512
0.5688
0.536
0.448
0.3944
0.484
0.5344
0.5152
0.6016
0.596
0.6312
0.6536
0.6168
0.6392
0.6536
0.6672
0.6584
0.6264
0.6192
0.6344
0.5992
0.568
0.5856
0.5968
0.6
0.6504
0.6128
0.6336
0.6504
0.6208
0.68
0.672
0.6736
0.656
0.6712
0.66
0.6336
0.6448
0.6456
0.668
0.6704
0.6896
0.6936
0.6936
0.7144
0.7224
0.7288
0.7176
0.6528
0.6616
0.668
0.6432
0.6016
0.5888
0.5968
0.5896
0.5928
0.5768
0.5608
0.556
0.524
0.4792
0.4216
0.428
0.4496
0.4848
0.4864
0.4592
0.4928
0.556
0.608
0.6128
0.588
0.6168
0.6208
0.6048
0.588
0.6296
0.6376
0.6608
0.6728
0.6856
0.696
0.6792
0.6912
0.7016
0.6176
0.5864
0.6
0.62
0.5704
0.5432
0.5296
0.5392
0.5216
0.5008
0.4872
0.4376
0.4296
0.4456
0.3984
0.4352
0.432
0.4288
0.4064
0.4016
0.4432
0.476
0.4336
0.4216
0.3944
0.3696
0.3744
0.3288
0.3376
0.3344
0.3808
0.3816
0.3712
0.4008
0.4176
0.432
0.3888
0.3376
0.3512
0.2784
0.2472
0.292
0.2544
0.2856
0.2712
0.2672
0.3008
0.268
0.3328
0.3808
0.4088
0.3624
0.3744
0.44
0.4528
0.4808
0.4888
0.4944
0.4712
0.4472
0.476
0.492
0.4968
0.4936
0.4752
0.4736
0.5136
0.5496
0.552
0.584
0.604
0.6168
0.6104
0.636
0.6576
0.6976
0.6432
0.5824
0.6
0.6328
0.624
0.62
0.6832
0.6752
0.6824
0.6288
0.636
0.6048
0.5288
0.5104
0.524
0.576
0.612
0.5976
0.64
0.6264
0.6168
0.6192
0.6712
0.7144
0.72
0.7304
0.7624
0.7696
0.74
0.7048
0.7168
0.6768
0.6304
0.608
0.6072
0.6016
0.5504
0.5608
0.5704
0.584
0.6304
0.6336
0.628
0.628
0.6616
0.6952
0.7536
0.8024
0.7664
0.7512
0.7128
0.708
0.7432
0.792
0.76
0.7624
0.7072
0.6768
0.6608
0.6344
0.6144
0.6096
0.6456
0.696
0.6696
0.6032
0.5784
0.5704
0.5552
0.52
0.544
0.5704
0.588
0.5768
0.5336
0.5032
0.5848
0.6624
0.6264
0.6008
0.636
0.64
0.612
0.596
0.6016
0.5496
0.5144
0.4648
0.48
0.4632
0.5016
0.5128
0.4816
0.508
0.536
0.4544
0.484
0.4896
0.4432
0.424
0.368
0.3448
0.3776
0.3832
0.4088
0.364
0.3008
0.2904
0.356
0.3376
0.3304
0.308
0.2472
0.1896
0.1768
0.22
0.2816
0.252
0.3376
0.3312
0.3064
0.2648
0.2656
0.2584
0.2704
0.2528
0.28
0.2936
0.3064
0.3728
0.3752
0.372
0.4448
0.4504
0.4032
0.4192
0.4128
0.472
0.428
0.4456
0.404
0.4776
0.4648
0.4104
0.36
0.4264
0.4472
0.468
0.4656
0.4336
0.464
0.4544
0.4184
0.3776
0.4664
0.4904
0.4392
0.4456
0.5184
0.492
0.4336
0.4544
0.5136
0.556
0.548
0.504
0.5144
0.4912
0.424
0.5104
0.476
0.4952
0.5408
0.5776
0.556
0.5888
0.5912
0.6504
0.6304
0.648
0.6336
0.6592
0.6288
0.6384
0.6376
0.6384
0.6368
0.732
0.6936
0.72
0.7448
0.7488
0.7496
0.7432
0.7616
0.6912
0.6632
0.6856
0.6968
0.7704
0.7592
0.7496
0.7656
0.7432
0.7512
0.7512
0.704
0.6808
0.6504
0.628
0.648
0.6376
0.6728
0.6504
0.636
0.5784
0.5544
0.5616
0.6736
0.66
0.6952
0.6688
0.64
0.6648
0.668
0.6936
0.6968
0.6888
0.7448
0.7624
0.7832
0.7624
0.7616
0.72
0.7096
0.7072
0.6984
0.6288
0.648
0.6504
0.6344
0.6504
0.6256
0.608
0.6416
0.656
0.6512
0.628
0.6536
0.6656
0.7192
0.6592
0.6464
0.6512
0.6448
0.636
0.6376
0.644
0.7048
0.7136
0.7352
0.7328
0.7088
0.7088
0.6992
0.6832
0.6736
0.7144
0.6912
0.704
0.716
0.7048
0.6552
0.6264
0.6888
0.6792
0.676
0.64
0.6136
0.6224
0.6312
0.5856
0.6
0.5872
0.5776
0.6112
0.6304
0.6488
0.6832
0.668
0.6112
0.6616
0.6528
0.6592
0.64
0.5696
0.5856
0.5376
0.5008
0.5384
0.5984
0.6048
0.6128
0.6056
0.5752
0.552
0.6024
0.6264
0.6256
0.6272
0.6408
0.6752
0.6664
0.6392
0.6968
0.6904
0.668
0.7048
0.712
0.664
0.672
0.636
0.628
0.5736
0.5552
0.5984
0.5944
0.5992
0.636
0.6528
0.6512
0.6056
0.6032
0.6008
0.6192
0.616
0.6344
0.588
0.5112
0.4872
0.5312
0.4824
0.504
0.4736
0.5064
0.5144
0.5152
0.544
0.5552
0.5056
0.508
0.5248
0.484
0.4376
0.4448
0.4712
0.452
0.404
0.3856
0.4032
0.3504
0.2872
0.336
0.3568
0.368
0.2856
0.2824
0.3152
0.36
0.3664
0.4248
0.4416
0.4536
0.4496
0.4568
0.4952
0.4928
0.4752
0.4368
0.4152
0.4352
0.4488
0.4304
0.448
0.4104
0.4152
0.3912
0.3768
0.4232
0.4384
0.4712
0.492
0.4728
0.4704
0.4728
0.4344
0.4208
0.3864
0.3936
0.3504
0.3128
0.2352
0.2432
0.2488
0.2448
0.2992
0.2344
0.2848
0.3056
0.3416
0.304
0.284
0.264
0.2976
0.332
0.2888
0.3
0.308
0.328
0.3664
0.4056
0.4312
0.42
0.392
0.4216
0.4368
0.4248
0.4624
0.4752
0.5352
0.5088
0.5624
0.5624
0.5176
0.524
0.5688
0.5616
0.58
0.5368
0.52
0.5224
0.5496
0.5768
0.5784
0.5624
0.564
0.5304
0.528
0.5552
0.5904
0.6112
0.6488
0.6272
0.6128
0.6
0.568
0.5184
0.5056
0.4768
0.4648
0.484
0.4488
0.388
0.372
0.3448
0.404
0.3696
0.412
0.4248
0.4608
0.4264
0.4384
0.4328
0.4216
0.4456
0.4736
0.4792
0.4384
0.3712
0.2824
0.2608
0.2968
0.3368
0.364
0.3784
0.3808
0.3824
0.3296
0.3232
0.3728
0.32
0.34
0.336
0.3008
0.2912
0.3088
0.296
0.3488
0.3072
0.2632
0.2696
0.2464
0.2528
0.2464
0.304
0.2624
0.2512
0.26
0.28
0.2616
0.2344
0.2256
0.2248
0.208
0.1744
0.224
0.18
0.2016
0.2344
0.2368
0.2512
0.2184
0.1328
0.1624
0.1584
0.1136
0.1584
0.14
0.1296
0.2032
0.1464
0.1312
0.0608
0.0936
0.1072
0.1384
0.2384
0.2448
0.284
0.2936
0.2928
0.3168
0.2864
0.3016
0.296
0.308
0.2976
0.2896
0.2376
0.2488
0.292
0.3024
0.2624
0.2648
0.2656
0.2264
0.2136
0.1912
0.1784
0.1592
0.2136
0.2592
0.2936
0.2976
0.3464
0.3576
0.328
0.3632
0.42
0.3696
0.3432
0.3624
0.3448
0.3
0.3664
0.4176
0.4552
0.436
0.4256
0.444
0.48
0.444
0.3576
0.3376
0.3688
0.3936
0.4416
0.4712
0.4992
0.4608
0.5
0.5112
0.5544
0.5528
0.5048
0.544
0.5248
0.4872
0.5464
0.556
0.5344
0.5216
0.484
0.484
0.5536
0.5288
0.4872
0.496
0.4968
0.492
0.5272
0.5888
0.6144
0.6432
0.6208
0.6176
0.6144
0.6176
0.6528
0.656
0.6408
0.64
0.6352
0.6192
0.5592
0.5232
0.5616
0.5392
0.5008
0.5672
0.5136
0.54
0.544
0.5792
0.6032
0.5624
0.5592
0.5456
0.512
0.5096
0.5024
0.5424
0.6136
0.5784
0.5576
0.6048
0.5088
0.5536
0.5432
0.5208
0.516
0.4808
0.4176
0.3288
0.3536
0.3688
0.3696
0.3736
0.4256
0.4152
0.4048
0.4184
0.4168
0.3848
0.4
0.4576
0.448
0.4264
0.42
0.4112
0.4624
0.4928
0.5384
0.5224
0.5528
0.5512
0.5168
0.5128
0.4936
0.4232
0.4448
0.3848
0.3912
0.3456
0.3464
0.3472
0.3912
0.3656
0.3776
0.3856
0.3792
0.3848
0.42
0.4384
0.4552
0.528
0.5288
0.5056
0.524
0.468
0.484
0.5392
0.56
0.5008
0.5184
0.5496
0.5888
0.604
0.6072
0.5976
0.6296
0.5888
0.6464
0.6696
0.6568
0.5904
0.572
0.6064
0.6248
0.556
0.536
0.412
0.4584
0.4656
0.4736
0.472
0.4256
0.4008
0.3712
0.4056
0.4624
0.476
0.5048
0.4624
0.4992
0.4472
0.448
0.4056
0.4328
0.4264
0.392
0.4008
0.4472
0.4512
0.4176
0.456
0.4496
0.432
0.4424
0.5104
0.5224
0.4912
0.5272
0.5176
0.5688
0.6288
0.6184
0.624
0.6336
0.6232
0.6176
0.6096
0.6312
0.616
0.6416
0.6824
0.7016
0.7056
0.7048
0.7176
0.6464
0.6376
0.6704
0.6632
0.6048
0.5672
0.5544
0.5776
0.592
0.5656
0.6136
0.6528
0.6192
0.5656
0.544
0.5256
0.5504
0.5544
0.5408
0.5336
0.5288
0.5416
0.5568
0.5432
0.5824
0.5992
0.5664
0.5344
0.5256
0.5496
0.5368
0.5344
0.6472
0.7112
0.7616
0.7584
