0.6128
0.5832
0.5856
0.5928
0.604
0.6248
0.6064
0.604
0.5928
0.5832
0.5832
0.5776
0.6696
0.6184
0.6208
0.6304
0.6384
0.644
0.7072
0.6544
0.6392
0.6888
0.6704
0.6648
0.6104
0.6192
0.5936
0.6248
0.6032
0.5664
0.556
0.5384
0.4808
0.4792
0.4384
0.4384
0.5088
0.516
0.52
0.4968
0.5128
0.5256
0.6008
0.5912
0.5536
0.5336
0.5256
0.4952
0.5184
0.4984
0.4984
0.52
0.5448
0.4536
0.4552
0.5264
0.5336
0.5488
0.5472
0.5672
0.5536
0.5336
0.464
0.4696
0.5
0.5368
0.508
0.4736
0.468
0.544
0.5312
0.5632
0.5408
0.564
0.5648
0.5512
0.5096
0.5048
0.4672
0.4552
0.4904
0.472
0.4352
0.428
0.404
0.4464
0.4544
0.5056
0.5552
0.5408
0.5384
0.4608
0.52
0.5368
0.5664
0.6136
0.6088
0.64
0.64
0.656
0.6968
0.704
0.6736
0.6576
0.6536
0.6376
0.6696
0.668
0.68
0.684
0.652
0.6616
0.6896
0.6856
0.6256
0.612
0.6208
0.6824
0.6816
0.7096
0.7048
0.6736
0.7128
0.7736
0.7864
0.8016
0.7976
0.7872
0.7648
0.7608
0.7512
0.7272
0.7472
0.7464
0.7432
0.7128
0.7104
0.7488
0.6928
0.6744
0.672
0.6672
0.6656
0.636
0.6536
0.6584
0.5736
0.5968
0.5984
0.5936
0.6192
0.636
0.6312
0.6312
0.644
0.6432
0.6392
0.6152
0.604
0.6152
0.6016
0.612
0.6144
0.6344
0.648
0.6736
0.6688
0.6912
0.7424
0.7408
0.7984
0.7616
0.7976
0.7432
0.7184
0.6968
0.712
0.72
0.7216
0.7712
0.7496
0.728
0.7072
0.748
0.7448
0.752
0.708
0.7016
0.7136
0.6912
0.72
0.7496
0.7688
0.7392
0.732
0.7112
0.7256
0.7568
0.7784
0.7792
0.7744
0.7848
0.7768
0.7704
0.784
0.7608
0.7608
0.772
0.7936
0.7392
0.6944
0.7096
0.7328
0.6968
0.7216
0.7056
0.6496
0.6656
0.672
0.6576
0.704
0.7088
0.7
0.7112
0.7024
0.7312
0.7304
0.7792
0.7392
0.7152
0.7384
0.7264
0.7272
0.7464
0.7256
0.7144
0.7128
0.6776
0.7168
0.712
0.7168
0.6848
0.6864
0.6896
0.6784
0.6616
0.628
0.5792
0.5584
0.5496
0.6696
0.7056
0.7152
0.676
0.6696
0.6432
0.6904
0.696
0.7272
0.768
0.7304
0.732
0.7648
0.7248
0.724
0.7008
0.6928
0.6816
0.6848
0.6912
0.724
0.792
0.7248
0.6856
0.6784
0.6584
0.6632
0.6512
0.64
0.6448
0.66
0.6656
0.676
0.6864
0.7008
0.7288
0.6984
0.6912
0.7064
0.6744
0.6216
0.6336
0.5872
0.5656
0.5576
0.5672
0.5728
0.5736
0.5288
0.5208
0.5168
0.5224
0.4888
0.4776
0.5288
0.5064
0.516
0.5576
0.5624
0.5304
0.5408
0.5808
0.5584
0.6144
0.6312
0.6088
0.6064
0.6152
0.592
0.608
0.6368
0.6184
0.5704
0.5664
0.5848
0.592
0.592
0.5608
0.5056
0.4456
0.4968
0.4848
0.5504
0.5648
0.5824
0.5312
0.516
0.5368
0.5528
0.5232
0.5472
0.552
0.5352
0.6176
0.6032
0.596
0.6296
0.6488
0.652
0.6544
0.6392
0.6592
0.64
0.6384
0.6512
0.6376
0.644
0.6312
0.6664
0.5992
0.6168
0.6024
0.556
0.5512
0.5448
0.6032
0.6272
0.6688
0.712
0.7488
0.7152
0.676
0.6736
0.7024
0.704
0.628
0.6256
0.6216
0.5888
0.592
0.6
0.5808
0.576
0.5536
0.5792
0.6336
0.5864
0.532
0.5144
0.472
0.4616
0.4904
0.4696
0.4464
0.4456
0.4552
0.4312
0.4208
0.4464
0.4224
0.4376
0.4152
0.4448
0.5128
0.5088
0.4696
0.4016
0.4072
0.448
0.5296
0.4896
0.5144
0.5448
0.5
0.5384
0.5376
0.5536
0.5904
0.5552
0.6184
0.568
0.552
0.5024
0.5152
0.5024
0.52
0.5416
0.576
0.5688
0.548
0.5776
0.5104
0.5272
0.5392
0.54
0.5352
0.5144
0.536
0.552
0.5536
0.6128
0.6352
0.5928
0.6112
0.6528
0.6232
0.62
0.6128
0.6416
0.6104
0.6088
0.6024
0.6384
0.6424
0.6296
0.596
0.6016
0.636
0.6128
0.6352
0.656
0.6672
0.6504
0.5824
0.56
0.5168
0.5688
0.632
0.6656
0.6488
0.6552
0.708
0.7104
0.7168
0.7264
0.6816
0.6592
0.6808
0.7184
0.7296
0.7584
0.7568
0.764
0.7312
0.6872
0.7112
0.7096
0.7072
0.7256
0.644
0.6608
0.608
0.66
0.648
0.6272
0.6232
0.6704
0.6728
0.6888
0.6584
0.6544
0.6704
0.7008
0.7208
0.764
0.7504
0.7768
0.7176
0.7312
0.716
0.7192
0.7488
0.7144
0.7032
0.7368
0.716
0.74
0.7472
0.7656
0.792
0.7808
0.7872
0.776
0.7688
0.7504
0.7752
0.756
0.752
0.7576
0.744
0.7584
0.7896
0.804
0.7584
0.772
0.7272
0.6952
0.6944
0.708
0.6912
0.6496
0.6832
0.6456
0.6496
0.696
0.6888
0.6904
0.6472
0.6072
0.6072
0.6376
0.6424
0.6744
0.656
0.6608
0.6936
0.6808
0.6896
0.6664
0.6352
0.6072
0.58
0.6056
0.5904
0.5712
0.5304
0.5376
0.5192
0.5416
0.5496
0.6024
0.6232
0.6616
0.6552
0.652
0.604
0.636
0.632
0.6072
0.6272
0.6264
0.6424
0.6328
0.6168
0.6184
0.6616
0.6392
0.6408
0.6128
0.6168
0.6656
0.6712
0.6992
0.7112
0.7048
0.7024
0.7744
0.7976
0.7536
0.7864
0.7896
0.7904
0.7744
0.7816
0.76
0.7008
0.7096
0.72
0.6448
0.6904
0.7136
0.668
0.6696
0.644
0.6472
0.7112
0.7096
0.7432
0.7216
0.7072
0.7664
0.736
0.708
0.7472
0.7192
0.7616
0.7024
0.7344
0.728
0.748
0.7472
0.748
0.7696
0.7664
0.7864
0.7808
0.7784
0.7688
0.7312
0.7272
0.7048
0.7096
0.744
0.7736
0.7856
0.7936
0.812
0.7968
0.8168
0.836
0.8416
0.8096
0.7544
0.7448
0.7496
0.7376
0.7008
0.7472
0.7664
0.7408
0.756
0.7056
0.7672
0.768
0.7488
0.6752
0.6424
0.6632
0.6168
0.5784
0.6536
0.7224
0.7056
0.7728
0.8032
0.7792
0.7432
0.6736
0.7008
0.6648
0.7312
0.7248
0.7392
0.7712
0.7552
0.752
0.7664
0.7496
0.7104
0.7256
0.6856
0.6536
0.6416
0.6984
0.684
0.6848
0.6664
0.6616
0.7232
0.6952
0.7048
0.7032
0.6456
0.6376
0.584
0.5312
0.544
0.5272
0.5168
0.544
0.5496
0.5256
0.5352
0.4616
0.4848
0.5352
0.5256
0.5832
0.6016
0.6728
0.6656
0.616
0.6096
0.6056
0.608
0.628
0.6424
0.6376
0.7016
0.6944
0.668
0.6648
0.656
0.6816
0.7104
0.6984
0.668
0.6848
0.6936
0.7016
0.7336
0.7552
0.7472
0.7256
0.748
0.7712
0.7392
0.688
0.7192
0.6904
0.7008
0.7112
0.7072
0.672
0.6576
0.6328
0.6224
0.592
0.652
0.6304
0.6312
0.636
0.6288
0.6544
0.6256
0.5592
0.5648
0.528
0.6
0.6096
0.6648
0.6776
0.6816
0.7224
0.74
0.756
0.7616
0.7904
0.8032
0.7912
0.8072
0.8112
0.792
0.8032
0.7696
0.7616
0.7496
0.7856
0.7944
0.7592
0.6968
0.716
0.696
0.716
0.7328
0.7368
0.7392
0.74
0.7344
0.732
0.6864
0.6536
0.6136
0.5768
0.556
0.5752
0.5592
0.52
0.4624
0.4576
0.428
0.5376
0.5856
0.5616
0.54
0.5672
0.5472
0.4992
0.4944
0.5096
0.5456
0.5528
0.5608
0.5896
0.5416
0.5344
0.5224
0.5416
0.524
0.5328
0.5264
0.5344
0.5536
0.5656
0.5344
0.5144
0.5856
0.6048
0.5832
0.5248
0.5288
0.5136
0.5144
0.4984
0.5184
0.5512
0.5744
0.5688
0.556
0.5344
0.5576
0.5816
0.5608
0.6848
0.6576
0.6832
0.6608
0.6648
0.7112
0.708
0.7144
0.7216
0.7032
0.6576
0.6448
0.6344
0.6576
0.6488
0.5672
0.5336
0.5624
0.5176
0.5528
0.5136
0.5528
0.5368
0.544
0.5352
0.576
0.576
0.5992
0.6344
0.6352
0.624
0.6488
0.6568
0.6768
0.6232
0.6192
0.6024
0.6112
0.6264
0.6024
0.5928
0.5352
0.5112
0.5248
0.5384
0.5432
0.5008
0.4912
0.4384
0.4512
0.4792
0.4848
0.508
0.5648
0.5616
0.5872
0.5616
0.5824
0.6264
0.6176
0.564
0.5048
0.4576
0.4904
0.508
0.4832
0.4696
0.4576
0.4456
0.4568
0.4656
0.4304
0.3688
0.3936
0.4088
0.4208
0.4768
0.5176
0.4856
0.46
0.44
0.4208
0.408
0.4024
0.4008
0.4176
0.3448
0.332
0.324
0.3632
0.384
0.4224
0.4344
0.3952
0.3008
0.232
0.256
0.1728
0.2416
0.26
0.2872
0.2608
0.2424
0.1936
0.1608
0.1272
0.1592
0.1104
0.1224
0.1528
0.1744
0.2176
0.1984
0.2128
0.1528
0.1408
0.1792
0.2264
0.2448
0.2464
0.2408
0.2416
0.2584
0.2664
0.204
0.268
0.2816
0.2736
0.2592
0.2648
0.2528
0.3
0.2744
0.2352
0.2912
0.2992
0.2856
0.2928
0.2744
0.2856
0.2816
0.3184
0.36
0.3496
0.3576
0.3264
0.3592
