0.7856
0.7352
0.7912
0.7768
0.7952
0.7872
0.7912
0.7832
0.7736
0.7864
0.7992
0.752
0.7216
0.7288
0.7872
0.7688
0.7936
0.8032
0.784
0.7936
0.776
0.7976
0.7832
0.8
0.7584
0.7432
0.78
0.7736
0.7824
0.7608
0.7592
0.732
0.7464
0.7584
0.7864
0.7336
0.7544
0.7888
0.7896
0.7872
0.74
0.7568
0.7808
0.7616
0.7928
0.7736
0.8048
0.7712
0.7632
0.7712
0.756
0.732
0.724
0.6992
0.6912
0.7568
0.7648
0.7392
0.7544
0.7376
0.744
0.7632
0.7384
0.7488
0.7576
0.7832
0.808
0.812
0.7784
0.7584
0.7816
0.7584
0.724
0.7016
0.688
0.6664
0.6656
0.6848
0.7072
0.688
0.6688
0.6496
0.6288
0.6016
0.616
0.5728
0.596
0.5952
0.576
0.5592
0.52
0.5384
0.5336
0.5576
0.5688
0.5824
0.6024
0.656
0.644
0.6328
0.6576
0.644
0.624
0.6216
0.6384
0.6312
0.604
0.62
0.6608
0.628
0.6512
0.652
0.6208
0.6376
0.644
0.5912
0.6232
0.5896
0.5864
0.5928
0.6224
0.676
0.7016
0.7416
0.7752
0.7752
0.756
0.7792
0.7248
0.6856
0.7016
0.7
0.6864
0.6872
0.6896
0.6608
0.6568
0.6496
0.7016
0.7344
0.7256
0.7456
0.7776
0.748
0.7312
0.7328
0.7216
0.7552
0.7584
0.74
0.7328
0.6896
0.6856
0.6544
0.6656
0.6872
0.6976
0.7176
0.7408
0.7544
0.7272
0.6976
0.7184
0.6904
0.6416
0.6472
0.5976
0.6456
0.668
0.6584
0.6576
0.7048
0.7168
0.72
0.7144
0.7376
0.7216
0.6496
0.672
0.6816
0.6928
0.68
0.6416
0.6552
0.636
0.6712
0.672
0.7584
0.7496
0.7528
0.7688
0.7392
0.724
0.7256
0.748
0.7824
0.7784
0.7344
0.7304
0.7744
0.7952
0.7704
0.7736
0.8064
0.8128
0.8344
0.8344
0.8512
0.828
0.7936
0.7872
0.7928
0.8008
0.804
0.764
0.7376
0.7664
0.76
0.7256
0.7496
0.732
0.7592
0.792
0.7888
0.7792
0.7984
0.8152
0.8376
0.8248
0.7536
0.7952
0.7824
0.7736
0.7112
0.712
0.6752
0.68
0.688
0.6728
0.7104
0.7328
0.7312
0.7432
0.732
0.7584
0.7672
0.7576
0.8048
0.8168
0.8384
0.8504
0.8608
0.8552
0.8288
0.804
0.756
0.7616
0.7472
0.7304
0.7496
0.7624
0.8072
0.78
0.8088
0.7944
0.788
0.788
0.752
0.7496
0.7784
0.8056
0.788
0.7976
0.7936
0.7832
0.7592
0.7768
0.7416
0.7536
0.7208
0.792
0.7608
0.7792
0.7976
0.776
0.8304
0.8088
0.7976
0.784
0.772
0.7928
0.7896
0.7904
0.7944
0.748
0.732
0.6888
0.6688
0.668
0.6752
0.696
0.6576
0.6472
0.7
0.7392
0.7192
0.6968
0.6952
0.6568
0.6048
0.6024
0.5824
0.6312
0.6632
0.6824
0.6712
0.7992
0.7616
0.7424
0.7488
0.7728
0.7872
0.8128
0.8136
0.7944
0.7832
0.7816
0.7728
0.7816
0.7768
0.8008
0.8024
0.7944
0.8416
0.8512
0.8096
0.7928
0.796
0.8448
0.816
0.8032
0.7752
0.8072
0.8168
0.8208
0.8464
0.8104
0.8096
0.764
0.7448
0.7576
0.7752
0.7528
0.7568
0.7512
0.7936
0.776
0.7888
0.8408
0.824
0.8016
0.7792
0.86
0.8352
0.828
0.8312
0.8048
0.8144
0.82
0.8176
0.812
0.8048
0.796
0.8088
0.8112
0.7928
0.792
0.792
0.768
0.7952
0.8128
0.8144
0.7488
0.7592
0.736
0.744
0.728
0.7816
0.7288
0.7328
0.7496
0.7632
0.8
0.7704
0.7656
0.7568
0.784
0.7544
0.7368
0.752
0.7312
0.7776
0.7944
0.7544
0.796
0.7936
0.768
0.7192
0.7184
0.7504
0.7712
0.796
0.7728
0.7552
0.752
0.7752
0.7864
0.8008
0.82
0.8272
0.8664
0.8536
0.8536
0.8504
0.8088
0.8136
0.7992
0.7856
0.7816
0.8056
0.7824
0.8408
0.8496
0.828
0.8456
0.7928
0.756
0.744
0.7496
0.7488
0.7648
0.7736
0.752
0.796
0.7712
0.7496
0.7504
0.7664
0.7704
0.7816
0.776
0.6992
0.7048
0.6904
0.7
0.7016
0.7408
0.756
0.7992
0.7616
0.7896
0.7792
0.7872
0.78
0.824
0.8472
0.8648
0.84
0.8264
0.848
0.8136
0.8176
0.8208
0.8224
0.8656
0.8664
0.8024
0.7656
0.8312
0.8032
0.8256
0.832
0.768
0.764
0.756
0.7472
0.7456
0.792
0.7464
0.7328
0.7672
0.8328
0.824
0.8
0.816
0.8384
0.8448
0.8488
0.7992
0.7904
0.7312
0.7448
0.7312
0.7024
0.676
0.6704
0.6528
0.6872
0.644
0.612
0.6128
0.6496
0.6616
0.64
0.6768
0.6928
0.6824
0.7096
0.7
0.6408
0.6656
0.6408
0.6208
0.6184
0.588
0.6056
0.6216
0.6608
0.6736
0.7024
0.7376
0.6992
0.6888
0.716
0.74
0.7552
0.768
0.7064
0.6568
0.64
0.6456
0.6528
0.6584
0.6824
0.7104
0.7496
0.7192
0.736
0.7584
0.736
0.748
0.7816
0.7848
0.7896
0.8016
0.8088
0.7864
0.7928
0.772
0.7688
0.74
0.7232
0.712
0.6952
0.7656
0.7848
0.7544
0.7008
0.7232
0.7096
0.7088
0.7016
0.7288
0.732
0.7464
0.7528
0.824
0.816
0.8544
0.8064
0.784
0.7376
0.7432
0.7592
0.7808
0.8056
0.8104
0.7768
0.7872
0.7808
0.804
0.7704
0.8144
0.8072
0.8
0.7624
0.7144
0.764
0.7632
0.7496
0.7168
0.712
0.6968
0.7328
0.7704
0.7096
0.7248
0.7568
0.7424
0.724
0.7456
0.7648
0.7632
0.7576
0.7736
0.7696
0.8104
0.7968
0.7912
0.8024
0.7528
0.7648
0.7792
0.7464
0.7496
0.6888
0.7416
0.7688
0.7688
0.756
0.7432
0.7952
0.8048
0.84
0.8424
0.8024
0.7576
0.7752
0.6872
0.7016
0.7456
0.7464
0.7448
0.7928
0.7744
0.7608
0.7176
0.6976
0.6536
0.7352
0.7064
0.764
0.7584
0.756
0.7912
0.7944
0.7888
0.7992
0.7768
0.768
0.7536
0.7392
0.696
0.6984
0.74
0.7592
0.756
0.7328
0.7184
0.7088
0.7488
0.7744
0.8096
0.7664
0.7768
0.7872
0.7976
0.8336
0.8256
0.8376
0.8424
0.8264
0.7968
0.82
0.8048
0.8304
0.8312
0.8008
0.8296
0.8216
0.804
0.836
0.812
0.7688
0.7536
0.788
0.7872
0.772
0.7776
0.7824
0.7648
0.744
0.7312
0.7784
0.792
0.7984
0.7912
0.8152
0.816
0.796
0.7656
0.7696
0.7624
0.7456
0.7728
0.8072
0.8096
0.8192
0.7984
0.8176
0.8248
0.7872
0.7392
0.7672
0.7864
0.772
0.7832
0.7696
0.7416
0.7608
0.784
0.7776
0.7824
0.8136
0.8312
0.808
0.7984
0.8184
0.7872
0.7768
0.8104
0.8112
0.8096
0.8344
0.7904
0.7984
0.756
0.7432
0.7736
0.776
0.74
0.7408
0.7224
0.708
0.716
0.7464
0.7144
0.7584
0.7496
0.76
0.7768
0.7616
0.6936
0.6816
0.6904
0.7648
0.7624
0.7896
0.7992
0.8304
0.832
0.8216
0.8208
0.8288
0.8416
0.8384
0.8024
0.7552
0.7368
0.7552
0.7368
0.7368
0.7264
0.7248
0.772
0.7704
0.7352
0.7448
0.7632
0.7664
0.736
0.7312
0.7168
0.744
0.7264
0.7432
0.744
0.7504
0.776
0.7816
0.7808
0.7864
0.7616
0.7664
0.772
0.7864
0.8064
0.8192
0.78
0.7704
0.7896
0.8208
0.8216
0.8168
0.8032
0.8064
0.8352
0.8304
0.8064
0.8152
0.7936
0.7736
0.7872
0.8008
0.8224
0.856
0.8704
0.8304
0.8072
0.8288
0.7832
0.7632
0.7656
0.8024
0.7648
0.764
0.764
0.7952
0.8344
0.7864
0.8176
0.7696
0.7184
0.7424
0.7432
0.7944
0.7912
0.7824
0.7776
0.8384
0.8376
0.8136
0.8232
0.824
0.8008
0.8128
0.8056
0.7768
0.7776
0.7408
0.7568
0.7224
0.6912
0.7
0.7136
0.7512
0.7768
0.7688
0.784
0.7912
0.8024
0.8296
0.8432
0.8384
0.8048
0.804
0.8328
0.8136
0.812
0.8352
0.8056
0.7824
0.7656
0.7344
0.7176
0.7728
0.7816
0.7952
0.8368
0.8064
0.7872
0.7952
0.7576
0.7272
0.76
0.7864
0.7848
0.824
0.8272
0.8616
0.8688
0.8592
0.8344
0.8048
0.7872
0.7728
0.764
0.7592
0.7528
0.7616
0.7616
0.7512
0.8008
0.7632
0.792
0.7896
0.792
0.8256
0.7744
0.7664
0.748
0.7464
0.784
0.772
0.816
0.7816
0.7912
0.7856
0.7432
0.7936
0.8272
0.8088
0.788
0.8168
0.8016
0.7776
0.7616
0.792
0.76
0.776
0.7832
0.7784
0.7584
0.7704
0.7592
0.728
0.7552
0.7352
0.7488
0.8072
0.7744
0.7824
0.7568
0.7464
0.764
0.7352
0.7616
0.7904
0.7496
0.7368
0.7384
0.6976
0.6992
0.68
0.6776
0.6544
0.6544
0.6928
0.6848
0.7048
0.7104
0.7048
0.7168
0.7056
0.7216
0.7176
0.6944
0.6768
0.6912
0.7528
0.724
0.7
0.7272
0.728
0.7776
0.7688
0.772
0.7776
0.7928
0.8304
0.8344
0.7936
0.7896
0.7648
0.7544
0.748
0.748
0.7096
0.7504
0.7184
