0.0168
0.0064
0.0416
0.08
0.0768
0.0888
0.1216
0.1232
0.0816
0.0792
0.0632
0.1056
0.0936
0.0984
0.1248
0.2176
0.2176
0.2256
0.2336
0.2192
0.1736
0.1912
0.1584
0.1496
0.0552
0.0896
0.0944
0.0784
0.0256
0.0504
0.0656
0.0304
0.0176
0.0032
0.012
0.0912
0.0464
0.004
0.0288
0.0296
0.0376
0.0864
0.0768
0.0696
0.056
0.016
0.028
0.0008
0.0216
0.096
0.0592
0.004
0.0056
0.0688
0.0784
0.0528
0.0648
0.0296
0.0056
0.0048
0.0056
0.0488
0.0112
0.04
0.0256
0.0336
0.0112
0.0464
0.0944
0.0672
0.0328
0.0768
0.048
0.064
0.104
0.1224
0.0968
0.024
0.0256
0.0168
0.0064
0.0632
0.0848
0.0712
0.0376
0.0784
0.0488
0.0184
0.0112
0.0096
0.0616
0.0592
0.028
0.0528
0.1512
0.1672
0.1632
0.2472
0.2408
0.2816
0.3104
0.2416
0.2888
0.248
0.2536
0.2224
0.296
0.3472
0.3736
0.3792
0.352
0.4016
0.3624
0.36
0.2928
0.3144
0.3024
0.2872
0.3264
0.344
0.332
0.344
0.3896
0.4144
0.3984
0.4248
0.3704
0.3824
0.3352
0.3216
0.3416
0.3664
0.3288
0.3584
0.356
0.3136
0.2784
0.2808
0.272
0.292
0.248
0.2776
0.256
0.2016
0.1544
0.0664
0.0088
0.0168
0.0312
0.0408
0.0344
0.0992
0.116
0.1152
0.0616
0.0496
0.068
0.088
0.0976
0.1864
0.1808
0.1928
0.1856
0.2688
0.2856
0.284
0.2728
0.3
0.2976
0.2624
0.2352
0.204
0.2032
0.2048
0.2232
0.196
0.168
0.144
0.1352
0.2064
0.248
0.2192
0.2192
0.272
0.2936
0.2624
0.2528
0.284
0.2896
0.2784
0.292
0.2648
0.284
0.2784
0.2576
0.2464
0.3024
0.3232
0.3488
0.3144
0.296
0.2568
0.2304
0.1816
0.1248
0.0928
0.1512
0.1584
0.1992
0.2072
0.1856
0.1808
0.1504
0.1912
0.2384
0.2304
0.2056
0.1752
0.1256
0.1208
0.1864
0.192
0.1936
0.1904
0.1376
0.128
0.1464
0.1664
0.0648
0.104
0.08
0.08
0.1216
0.1536
0.0784
0.1224
0.1904
0.1928
0.1952
0.1984
0.2304
0.252
0.2056
0.2344
0.2832
0.3008
0.3096
0.3096
0.2896
0.2688
0.2816
0.3112
0.3584
0.3736
0.3824
0.3664
0.3696
0.2912
0.252
0.2648
0.2504
0.2872
0.3304
0.3848
0.3632
0.3352
0.3256
0.3256
0.312
0.3312
0.3016
0.3168
0.2896
0.3
0.2696
0.2456
0.2976
0.3088
0.2072
0.2576
0.244
0.3176
0.292
0.3216
0.304
0.296
0.3392
0.2776
0.304
0.324
0.32
0.3216
0.2136
0.2256
0.2216
0.212
0.1776
0.2208
0.284
0.2808
0.2928
0.3704
0.2752
0.2704
0.372
0.4072
0.4128
0.3928
0.4184
0.3784
0.3816
0.4168
0.3944
0.4
0.384
0.4264
0.404
0.384
0.4216
0.372
0.3792
0.3552
0.3416
0.4016
0.488
0.4328
0.4496
0.4592
0.5024
0.5616
0.4904
0.5096
0.4592
0.4648
0.4376
0.496
0.4864
0.4424
0.4608
0.5056
0.52
0.5408
0.5456
0.5336
0.5064
0.5416
0.5512
0.5456
0.5144
0.5912
0.5824
0.6008
0.5384
0.5024
0.5312
0.5496
0.5176
0.52
0.4736
0.4928
0.5112
0.524
0.5064
0.492
0.464
0.5064
0.4672
0.5304
0.496
0.5048
0.4568
0.464
0.4312
0.4096
0.4848
0.4256
0.4512
0.4992
0.5304
0.5016
0.4688
0.3928
0.432
0.4232
0.4248
0.4096
0.4064
0.3824
0.324
0.3416
0.3528
0.312
0.2776
0.2056
0.1952
0.268
0.276
0.256
0.3088
0.3528
0.3552
0.3944
0.392
0.3792
0.4
0.468
0.524
0.5792
0.5776
0.4864
0.5288
0.548
0.5512
0.5016
0.5176
0.5184
0.4488
0.38
0.3952
0.4344
0.3992
0.344
0.3528
0.3384
0.296
0.2768
0.2696
0.2304
0.1936
0.1888
0.1448
0.1448
0.084
0.0952
0.144
0.1616
0.172
0.2112
0.2056
0.2104
0.1608
0.1576
0.1944
0.1544
0.1368
0.0816
0.1072
0.1368
0.1232
0.1728
0.0784
0.0896
0.1008
0.1232
0.1192
0.1704
0.2264
0.2888
0.2456
0.24
0.244
0.2424
0.2504
0.2272
0.204
0.18
0.22
0.2088
0.2936
0.3608
0.4264
0.3872
0.3904
0.3216
0.3328
0.3504
0.3104
0.2872
0.3992
0.468
0.5096
0.476
0.4992
0.48
0.5392
0.5848
0.5992
0.5864
0.5528
0.5568
0.5216
0.5536
0.604
0.6312
0.6008
0.5256
0.4576
0.472
0.4416
0.4536
0.4608
0.464
0.468
0.4576
0.4128
0.3808
0.4208
0.3552
0.364
0.3144
0.3248
0.296
0.2816
0.2624
0.3112
0.3096
0.3288
0.3216
0.2936
0.2608
0.3504
0.3824
0.3792
0.3784
0.4088
0.408
0.3752
0.3624
0.34
0.328
0.3424
0.3384
0.2984
0.2848
0.2976
0.3152
0.2688
0.2832
0.3096
0.24
0.2648
0.3032
0.2984
0.2664
0.264
0.2208
0.188
0.1688
0.1072
0.0752
0.036
0.0224
0.004
0.0
0.0016
0.028
0.0352
0.1072
0.1192
0.1632
0.2048
0.2016
0.2472
0.2008
0.18
0.0936
0.096
0.1088
0.0872
0.0864
0.0784
0.0872
0.1128
0.1408
0.1024
0.1256
0.1232
0.2136
0.2752
0.3408
0.32
0.3376
0.296
0.2344
0.2464
0.3408
0.2856
0.2424
0.308
0.3064
0.3432
0.404
0.3688
0.3072
0.3568
0.3184
0.3144
0.3056
0.3432
0.372
0.3552
0.332
0.3816
0.3784
0.3584
0.3752
0.3688
0.3984
0.3752
0.3144
0.2832
0.3096
0.3264
0.356
0.364
0.2816
0.2856
0.2672
0.2504
0.3
0.3056
0.2328
0.2504
0.2184
0.2168
0.156
0.1112
0.1368
0.1416
0.1832
0.148
0.164
0.1656
0.1384
0.1576
0.136
0.0888
0.0424
0.0384
0.0744
0.0744
0.0888
0.0984
0.14
0.1528
0.1152
0.1288
0.1336
0.0848
0.0808
0.0416
0.0432
0.0176
0.0568
0.0152
0.008
0.0024
0.0328
0.04
0.0464
0.056
0.0248
0.0144
0.0136
0.0608
0.0304
0.0904
0.136
0.1384
0.0384
0.008
0.0392
0.0176
0.0456
0.0392
0.0224
0.0664
0.0792
0.06
0.0152
0.0704
0.092
0.068
0.0424
0.1056
0.1504
0.168
0.1352
0.1248
0.056
0.0176
0.0512
0.0464
0.0344
0.0616
0.072
0.1048
0.0576
0.0336
0.0496
0.1208
0.1184
0.1392
0.1712
0.1376
0.1096
0.1744
0.18
0.1688
0.1688
0.1784
0.1944
0.1592
0.184
0.2896
0.2824
0.216
0.2056
0.1688
0.1576
0.104
0.1168
0.1392
0.132
0.1136
0.112
0.0776
0.0776
0.0392
0.092
0.0768
0.1152
0.1088
0.148
0.0704
0.024
0.0168
0.0352
0.0752
0.1304
0.1696
0.1456
0.0704
0.1216
0.1248
0.0752
0.068
0.0888
0.0296
0.0208
0.0752
0.1128
0.1512
0.0816
0.0984
0.0808
0.1896
0.1312
0.2104
0.2256
0.232
0.2712
0.2792
0.2608
0.2376
0.2704
0.3032
0.304
0.2776
0.3232
0.316
0.38
0.34
0.3856
0.4328
0.4456
0.508
0.4984
0.5232
0.4752
0.4512
0.404
0.4488
0.4648
0.4288
0.4144
0.428
0.472
0.5056
0.4984
0.5344
0.5384
0.5392
0.536
0.5112
0.5272
0.54
0.548
0.4872
0.5056
0.5296
0.4696
0.4976
0.5552
0.5632
0.5992
0.6184
0.6088
0.5768
0.5528
0.576
0.5696
0.4984
0.4968
0.44
0.4496
0.48
0.496
0.5248
0.5368
0.572
0.5264
0.4632
0.4344
0.4912
0.5256
0.5248
0.432
0.4408
0.4448
0.4376
0.4472
0.5472
0.5176
0.5392
0.5888
0.6232
0.668
0.6336
0.6768
0.6512
0.6112
0.6384
0.6504
0.6216
0.6536
0.5904
0.5856
0.6256
0.6008
0.5648
0.5464
0.4992
0.508
0.4864
0.4552
0.4416
0.3632
0.3832
0.4112
0.4152
0.368
0.34
0.3976
0.3976
0.428
0.4392
0.424
0.4416
0.4464
0.4744
0.4936
0.4808
0.5248
0.5224
0.5688
0.544
0.5424
0.5768
0.5528
0.5424
0.5544
0.528
0.5832
0.5736
0.5744
0.5872
0.5392
0.5488
0.5144
0.5272
0.5792
0.5864
0.5704
0.5848
0.592
0.6648
0.6352
0.6496
0.6496
0.6168
0.6024
0.5816
0.56
0.5648
0.612
0.644
0.6616
0.628
0.6728
0.6888
0.6144
0.5968
0.6192
0.6696
0.624
0.584
0.5672
0.5696
0.5712
0.5352
0.6048
0.5368
0.472
0.4568
0.4672
0.5448
0.556
0.564
0.5848
0.592
0.5824
0.5856
0.5504
0.596
0.5984
0.5656
0.5944
0.596
0.6408
0.6416
0.6416
0.6592
0.6448
0.5608
0.6056
0.5704
0.556
0.6144
0.5744
0.6456
0.644
0.6384
0.6168
0.604
0.6
0.6048
0.6032
0.5848
0.5624
0.5992
0.6064
0.6192
0.62
0.6008
0.608
0.604
0.568
0.5544
0.5784
0.572
0.4976
0.4928
0.52
0.4704
0.4984
0.5104
0.4696
0.4032
0.4464
0.4016
0.404
0.5008
0.4656
0.4288
0.4088
0.4192
0.3968
0.4008
0.4384
0.4416
0.4528
0.4424
0.3984
0.3744
0.392
0.3552
0.3208
0.3856
0.38
