0.8256
0.8496
0.8152
0.8336
0.8368
0.8152
0.7992
0.8336
0.8128
0.7928
0.7712
0.7472
0.7088
0.676
0.6512
0.6784
0.7224
0.7464
0.7456
0.7784
0.748
0.7192
0.6896
0.68
0.676
0.672
0.688
0.6696
0.66
0.6896
0.704
0.7352
0.74
0.732
0.7368
0.7584
0.7704
0.7888
0.7928
0.7712
0.6888
0.7368
0.7824
0.7536
0.768
0.7736
0.7632
0.792
0.7704
0.8136
0.8112
0.8064
0.812
0.772
0.7984
0.8184
0.8032
0.8104
0.8432
0.8408
0.8056
0.796
0.7968
0.8312
0.8208
0.8184
0.8416
0.8496
0.876
0.8456
0.8184
0.7976
0.7776
0.804
0.808
0.832
0.8296
0.8432
0.8728
0.8392
0.8424
0.7904
0.8216
0.8144
0.8352
0.8176
0.8072
0.8064
0.8184
0.8152
0.8152
0.82
0.8336
0.8248
0.7672
0.7552
0.7704
0.7824
0.7616
0.7936
0.7752
0.8264
0.7912
0.7648
0.7688
0.7744
0.7856
0.788
0.7528
0.7648
0.7696
0.7648
0.8144
0.8144
0.8144
0.7856
0.8136
0.8104
0.8256
0.8248
0.856
0.8408
0.8496
0.8256
0.8448
0.8184
0.8504
0.8496
0.852
0.812
0.8456
0.8304
0.8384
0.8504
0.8376
0.8184
0.8296
0.8008
0.796
0.8296
0.7976
0.8264
0.8392
0.8192
0.7616
0.7264
0.7384
0.7104
0.6376
0.652
0.708
0.7592
0.8344
0.7656
0.7736
0.772
0.7656
0.812
0.776
0.7752
0.7456
0.748
0.7664
0.7648
0.7632
0.8016
0.8096
0.84
0.848
0.8256
0.832
0.8368
0.8064
0.7768
0.748
0.7688
0.788
0.7528
0.7728
0.7352
0.74
0.7456
0.7016
0.6584
0.7184
0.708
0.68
0.7
0.6672
0.6496
0.6744
0.6272
0.648
0.6616
0.7384
0.724
0.6944
0.6608
0.6304
0.5976
0.6408
0.6616
0.6576
0.672
0.7072
0.7008
0.6848
0.676
0.668
0.6792
0.6744
0.6592
0.6752
0.7288
0.7176
0.7512
0.8176
0.8088
0.7968
0.8336
0.8216
0.8528
0.8368
0.8304
0.8328
0.8264
0.8088
0.8008
0.8192
0.8424
0.8168
0.824
0.828
0.868
0.8384
0.7696
0.7368
0.7424
0.7504
0.7264
0.7616
0.7744
0.8008
0.8064
0.824
0.8256
0.8368
0.824
0.8496
0.8552
0.8536
0.852
0.8584
0.8536
0.84
0.86
0.8344
0.8376
0.8384
0.8224
0.82
0.8408
0.82
0.7696
0.7816
0.7632
0.7232
0.7392
0.7696
0.8184
0.8464
0.8624
0.8296
0.8568
0.8376
0.828
0.836
0.8256
0.7664
0.8016
0.7944
0.7496
0.7976
0.8496
0.836
0.8512
0.84
0.8752
0.8768
0.8656
0.8552
0.86
0.8664
0.8432
0.8192
0.7632
0.7704
0.748
0.7176
0.7056
0.6768
0.6992
0.7552
0.7408
0.7304
0.7328
0.7376
0.7416
0.732
0.7008
0.7448
0.748
0.7496
0.7584
0.7848
0.7432
0.7544
0.7408
0.7552
0.74
0.7608
0.78
0.824
0.8136
0.8448
0.8448
0.86
0.8696
0.8488
0.8416
0.8448
0.8304
0.8264
0.8488
0.8416
0.8536
0.836
0.8456
0.8392
0.8344
0.816
0.7936
0.7912
0.7648
0.7888
0.7984
0.8104
0.8424
0.8512
0.8608
0.8208
0.8112
0.84
0.8032
0.78
0.8136
0.8176
0.8352
0.8352
0.8328
0.7944
0.7432
0.78
0.7792
0.7608
0.7792
0.7624
0.7024
0.7128
0.7568
0.7912
0.7736
0.7776
0.7792
0.788
0.7856
0.7608
0.816
0.8344
0.8488
0.8272
0.8256
0.852
0.8136
0.7992
0.7976
0.8264
0.8304
0.7952
0.8384
0.8576
0.844
0.8352
0.808
0.8608
0.8344
0.836
0.8424
0.8408
0.8392
0.8648
0.8248
0.8256
0.8408
0.816
0.8008
0.852
0.852
0.8896
0.8736
0.86
0.8712
0.8272
0.832
0.8024
0.788
0.7344
0.7504
0.7872
0.816
0.8128
0.8168
0.8112
0.8144
0.8464
0.7872
0.7776
0.7664
0.7864
0.728
0.7112
0.6976
0.7152
0.7184
0.7496
0.7504
0.7192
0.7
0.7192
0.764
0.7384
0.7424
0.752
0.8088
0.8056
0.8472
0.8376
0.8312
0.8632
0.8336
0.8216
0.804
0.8448
0.8
0.8168
0.824
0.824
0.8216
0.8096
0.812
0.8064
0.7936
0.78
0.8064
0.8256
0.8232
0.8072
0.8232
0.8504
0.832
0.8032
0.8384
0.8352
0.8488
0.824
0.8184
0.8336
0.8368
0.8344
0.8496
0.8464
0.8368
0.8688
0.8216
0.824
0.8248
0.8272
0.8408
0.8288
0.8304
0.8344
0.8424
0.8136
0.844
0.7944
0.7952
0.812
0.796
0.8112
0.84
0.7896
0.8392
0.8472
0.856
0.8536
0.8672
0.8784
0.8544
0.8496
0.804
0.792
0.796
0.808
0.768
0.7504
0.732
0.7424
0.7328
0.7728
0.7216
0.6584
0.7152
0.6944
0.6768
0.7072
0.6904
0.64
0.6152
0.6176
0.6744
0.7064
0.6808
0.6928
0.7544
0.7912
0.8096
0.8408
0.8208
0.8088
0.832
0.8408
0.8248
0.7936
0.7896
0.7864
0.7872
0.7928
0.7568
0.7808
0.7696
0.736
0.7224
0.6624
0.6192
0.6064
0.6216
0.6584
0.6872
0.6984
0.6448
0.6872
0.7216
0.7008
0.6904
0.7176
0.724
0.7472
0.756
0.6904
0.7016
0.6904
0.7256
0.788
0.796
0.7984
0.7888
0.772
0.7864
0.7464
0.7896
0.8008
0.7824
0.7792
0.7752
0.816
0.8512
0.8312
0.8312
0.812
0.804
0.8144
0.7832
0.7832
0.8032
0.7792
0.7808
0.784
0.7528
0.736
0.6872
0.7216
0.7344
0.696
0.7192
0.7032
0.6528
0.696
0.6808
0.6992
0.7056
0.6832
0.688
0.6544
0.6744
0.6744
0.6824
0.7416
0.7184
0.6896
0.6768
0.6488
0.6608
0.6856
0.6912
0.7088
0.7488
0.7456
0.7528
0.7856
0.7992
0.8176
0.7864
0.7776
0.8056
0.8112
0.824
0.7832
0.8464
0.8304
0.852
0.8632
0.8272
0.8304
0.8168
0.7944
0.7864
0.8008
0.7776
0.76
0.8072
0.832
0.8776
0.8592
0.8536
0.848
0.8632
0.8656
0.8216
0.8328
0.8392
0.8456
0.8592
0.872
0.8536
0.8528
0.8352
0.8344
0.804
0.7432
0.7656
0.7824
0.8184
0.8088
0.8136
0.8152
0.82
0.828
0.8336
0.8016
0.804
0.7608
0.8008
0.8024
0.8104
0.8248
0.8184
0.8184
0.8184
0.8104
0.8064
0.7936
0.7944
0.8328
0.8288
0.8456
0.8296
0.8312
0.8264
0.8072
0.8432
0.8688
0.8552
0.8288
0.8376
0.8672
0.8224
0.844
0.8384
0.8328
0.8592
0.8416
0.8504
0.8552
0.8976
0.8672
0.8448
0.8488
0.8408
0.8376
0.8352
0.8496
0.8344
0.856
0.828
0.7808
0.8344
0.8376
0.844
0.872
0.8472
0.8416
0.808
0.82
0.868
0.8496
0.8648
0.8888
0.8856
0.8728
0.8592
0.8424
0.8656
0.8496
0.8568
0.8608
0.856
0.88
0.8672
0.8728
0.8688
0.8616
0.8536
0.8248
0.8064
0.8224
0.8112
0.8016
0.8192
0.8032
0.78
0.8
0.7608
0.8072
0.8448
0.832
0.8008
0.8312
0.804
0.8176
0.816
0.7688
0.7784
0.808
0.8272
0.7952
0.7576
0.788
0.8128
0.8416
0.8088
0.7824
0.7672
0.7968
0.8
0.8016
0.776
0.7552
0.7128
0.7424
0.7096
0.7472
0.7256
0.7776
0.7528
0.728
0.736
0.7856
0.78
0.8016
0.7552
0.7576
0.7424
0.7336
0.7336
0.7408
0.7512
0.7528
0.7288
0.7536
0.756
0.7208
0.7392
0.7768
0.7784
0.7992
0.7968
0.8
0.8
0.7928
0.8232
0.8056
0.808
0.7984
0.7824
0.7712
0.8104
0.8184
0.832
0.8408
0.84
0.7968
0.7904
0.7984
0.7952
0.7896
0.8008
0.8424
0.8504
0.8168
0.7816
0.8224
0.7912
0.8344
0.8528
0.844
0.8072
0.8168
0.82
0.856
0.8272
0.8432
0.8336
0.8336
0.8384
0.8
0.7944
0.7744
0.7832
0.7936
0.7896
0.82
0.8176
0.812
0.8272
0.8312
0.808
0.8288
0.8184
0.8304
0.8304
0.8168
0.8176
0.876
0.8488
0.8064
0.824
0.848
0.8272
0.828
0.8448
0.8016
0.832
0.804
0.7984
0.7752
0.7808
0.7816
0.7568
0.7488
0.7464
0.7368
0.7416
0.7208
0.7304
0.7416
0.7456
0.7408
0.7264
0.7832
0.724
0.716
0.7456
0.772
0.8136
0.7944
0.8064
0.8072
0.816
0.8128
0.7792
0.8144
0.8248
0.8248
0.7928
0.8168
0.8312
0.8088
0.7496
0.7544
0.7648
0.7416
0.7616
0.7248
0.764
0.7448
0.7408
0.812
0.7776
0.796
0.8056
0.8176
0.7936
0.8008
0.8176
0.8072
0.7928
0.8544
0.8544
0.8136
0.8104
0.796
0.8176
0.7728
0.7552
0.7448
0.7904
0.8128
0.828
0.8536
0.84
0.8568
0.8568
0.8224
0.8328
0.8296
0.8272
0.8568
0.8472
0.8536
0.8616
0.8424
0.848
0.8384
0.8672
0.8136
0.8264
0.8336
0.8
0.8048
0.816
0.8432
0.8584
0.8312
0.8592
0.836
0.872
0.8816
0.872
0.8672
0.8512
0.8472
0.8416
0.8192
0.8416
0.8032
0.812
0.8176
0.8232
0.8488
0.84
0.824
0.7968
0.8296
0.8512
0.856
0.8808
0.8696
0.8552
0.8688
0.8728
