0.708984375
0.7255859375
0.7236328125
0.6748046875
0.68994140625
0.73095703125
0.72216796875
0.6591796875
0.6396484375
0.63427734375
0.62353515625
0.5908203125
0.6015625
0.611328125
0.6689453125
0.62451171875
0.63671875
0.6103515625
0.6328125
0.6767578125
0.658203125
0.65625
0.66357421875
0.65673828125
0.64404296875
0.65478515625
0.67138671875
0.6513671875
0.65185546875
0.654296875
0.68115234375
0.662109375
0.64990234375
0.70361328125
0.66845703125
0.6826171875
0.66064453125
0.6904296875
0.69775390625
0.7041015625
0.6650390625
0.66162109375
0.6435546875
0.662109375
0.64501953125
0.6513671875
0.64306640625
0.61865234375
0.5703125
0.560546875
0.5595703125
0.57666015625
0.64404296875
0.63916015625
0.62841796875
0.6083984375
0.6484375
0.65576171875
0.62646484375
0.63232421875
0.59619140625
0.59521484375
0.615234375
0.59912109375
0.6240234375
0.599609375
0.58984375
0.57666015625
0.55224609375
0.5712890625
0.5703125
0.564453125
0.591796875
0.6044921875
0.6201171875
0.599609375
0.6064453125
0.63037109375
0.6591796875
0.64697265625
0.64892578125
0.67041015625
0.703125
0.69873046875
0.68896484375
0.66015625
0.6298828125
0.60302734375
0.5986328125
0.59814453125
0.552734375
0.564453125
0.5400390625
0.53515625
0.50830078125
0.521484375
0.54931640625
0.5634765625
0.599609375
0.646484375
0.65185546875
0.63720703125
0.67138671875
0.65478515625
0.66552734375
0.68701171875
0.6708984375
0.666015625
0.6484375
0.626953125
0.63427734375
0.64794921875
0.619140625
0.59814453125
0.60595703125
0.5986328125
0.6044921875
0.60302734375
0.5615234375
0.59423828125
0.57763671875
0.6064453125
0.6123046875
0.640625
0.634765625
0.6171875
0.58642578125
0.58349609375
0.54443359375
0.5810546875
0.57470703125
0.54296875
0.5224609375
0.46044921875
0.49072265625
0.4716796875
0.4853515625
0.443359375
0.44482421875
0.4375
0.39599609375
0.4169921875
0.4267578125
0.4072265625
0.42431640625
0.40087890625
0.44677734375
0.494140625
0.48583984375
0.439453125
0.46728515625
0.4814453125
0.44873046875
0.4384765625
0.37548828125
0.34814453125
0.34912109375
0.3232421875
0.3134765625
0.35595703125
0.33203125
0.322265625
0.35791015625
0.35595703125
0.38134765625
0.365234375
0.3759765625
0.34521484375
0.37158203125
0.376953125
0.39208984375
0.4248046875
0.41357421875
0.39599609375
0.38525390625
0.34765625
0.39794921875
0.40234375
0.39404296875
0.37646484375
0.396484375
0.37060546875
0.40185546875
0.3408203125
0.37841796875
0.3857421875
0.40869140625
0.41943359375
0.431640625
0.42236328125
0.41552734375
0.42236328125
0.4169921875
0.4208984375
0.42578125
0.41015625
0.3876953125
0.4052734375
0.3818359375
0.36767578125
0.3173828125
0.32275390625
0.265625
0.3017578125
0.29296875
0.3076171875
0.2890625
0.3212890625
0.31494140625
0.3095703125
0.318359375
0.294921875
0.287109375
0.27685546875
0.3046875
0.2890625
0.287109375
0.29443359375
0.322265625
0.31640625
0.30859375
0.328125
0.32666015625
0.330078125
0.36669921875
0.3935546875
0.39697265625
0.3984375
0.37744140625
0.41748046875
0.40771484375
0.39892578125
0.44775390625
0.4326171875
0.45947265625
0.45458984375
0.4443359375
0.412109375
0.39599609375
0.42041015625
0.43994140625
0.42822265625
0.44873046875
0.462890625
0.47607421875
0.486328125
0.52490234375
0.57177734375
0.53369140625
0.54833984375
0.55712890625
0.51708984375
0.525390625
0.51904296875
0.53955078125
0.544921875
0.5048828125
0.44384765625
0.42578125
0.46142578125
0.49853515625
0.498046875
0.53955078125
0.564453125
0.53857421875
0.556640625
0.55126953125
0.57666015625
0.57763671875
0.552734375
0.5595703125
0.572265625
0.58056640625
0.580078125
0.59814453125
0.58984375
0.61279296875
0.59375
0.59033203125
0.6005859375
0.578125
0.62841796875
0.61865234375
0.6337890625
0.583984375
0.5927734375
0.56005859375
0.55126953125
0.58203125
0.58056640625
0.60546875
0.5869140625
0.55517578125
0.5595703125
0.54345703125
0.5419921875
0.58447265625
0.58203125
0.53662109375
0.53857421875
0.52392578125
0.4765625
0.4990234375
0.53759765625
0.5361328125
0.52685546875
0.53857421875
0.53369140625
0.505859375
0.4951171875
0.486328125
0.533203125
0.55712890625
0.52099609375
0.54248046875
0.54541015625
0.5673828125
0.54443359375
0.572265625
0.556640625
0.54638671875
0.5439453125
0.55419921875
0.5859375
0.62744140625
0.607421875
0.5869140625
0.57666015625
0.57080078125
0.560546875
0.556640625
0.5634765625
0.5400390625
0.5458984375
0.51611328125
0.5263671875
0.53955078125
0.521484375
0.53515625
0.5263671875
0.5087890625
0.474609375
0.4736328125
0.4853515625
0.4248046875
0.4189453125
0.41259765625
0.39990234375
0.44189453125
0.4677734375
0.466796875
0.47509765625
0.494140625
0.513671875
0.42919921875
0.41162109375
0.4560546875
0.47412109375
0.45751953125
0.5
0.5
0.490234375
0.46435546875
0.4609375
0.4228515625
0.37841796875
0.35888671875
0.33447265625
0.34423828125
0.3662109375
0.29296875
0.3115234375
0.3271484375
0.33642578125
0.31982421875
0.2783203125
0.29638671875
0.29931640625
0.296875
0.2734375
0.28759765625
0.30810546875
0.27587890625
0.2529296875
0.25
0.25146484375
0.306640625
0.3466796875
0.35546875
0.30419921875
0.30224609375
0.32275390625
0.3203125
0.2958984375
0.29541015625
0.30517578125
0.30419921875
0.3154296875
0.25244140625
0.25048828125
0.22998046875
0.2255859375
0.205078125
0.18701171875
0.22119140625
0.267578125
0.33935546875
0.3876953125
0.3662109375
0.33447265625
0.33447265625
0.3779296875
0.390625
0.427734375
0.39892578125
0.40185546875
0.4091796875
0.4033203125
0.4052734375
0.40283203125
0.3740234375
0.40087890625
0.41748046875
0.431640625
0.41259765625
0.39111328125
0.41357421875
0.39208984375
0.38720703125
0.3505859375
0.38037109375
0.40283203125
0.4150390625
0.43505859375
0.42626953125
0.45703125
0.5244140625
0.521484375
0.51171875
0.51220703125
0.490234375
0.5048828125
0.47705078125
0.5029296875
0.4921875
0.4892578125
0.5302734375
0.5439453125
0.52587890625
0.52783203125
0.560546875
0.525390625
0.53369140625
0.4990234375
0.47802734375
0.4443359375
0.4443359375
0.4033203125
0.37158203125
0.39013671875
0.40869140625
0.42041015625
0.42138671875
0.42919921875
0.453125
0.44287109375
0.4736328125
0.4990234375
0.4794921875
0.48876953125
0.48974609375
0.494140625
0.4931640625
0.50146484375
0.54296875
0.5830078125
0.56787109375
0.56884765625
0.6005859375
0.60546875
0.615234375
0.623046875
0.587890625
0.54150390625
0.49951171875
0.5166015625
0.54638671875
0.58837890625
0.6162109375
0.61328125
0.66650390625
0.6396484375
0.63720703125
0.66015625
0.66357421875
0.65478515625
0.6767578125
0.681640625
0.68408203125
0.66650390625
0.67236328125
0.6572265625
0.62646484375
0.6171875
0.6123046875
0.6337890625
0.62353515625
0.61181640625
0.61767578125
0.60888671875
0.625
0.623046875
0.6005859375
0.603515625
0.60400390625
0.544921875
0.55517578125
0.56201171875
0.5830078125
0.615234375
0.61181640625
0.6259765625
0.58251953125
0.5751953125
0.56591796875
0.5322265625
0.486328125
0.49658203125
0.45263671875
0.458984375
0.48779296875
0.53369140625
0.56689453125
0.60302734375
0.57275390625
0.591796875
0.568359375
0.5693359375
0.5576171875
0.5361328125
0.52587890625
0.5400390625
0.63134765625
0.65087890625
0.6650390625
0.67041015625
0.6796875
0.662109375
0.66845703125
0.70703125
0.69091796875
0.728515625
0.69873046875
0.69384765625
0.6748046875
0.6826171875
0.6845703125
0.65283203125
0.6875
0.7138671875
0.72216796875
0.732421875
0.7451171875
0.767578125
0.7568359375
0.73193359375
0.71240234375
0.69287109375
0.74072265625
0.75732421875
0.7421875
0.759765625
0.7470703125
0.77734375
0.744140625
0.7626953125
0.73193359375
0.71826171875
0.72119140625
0.74267578125
0.69873046875
0.6748046875
0.66162109375
0.69921875
0.71875
0.70361328125
0.71484375
0.7490234375
0.74072265625
0.716796875
0.65234375
0.59912109375
0.5888671875
0.56103515625
0.59521484375
0.59765625
0.60498046875
0.6279296875
0.61767578125
0.64599609375
0.64501953125
0.6630859375
0.6416015625
0.64892578125
0.64599609375
0.65576171875
0.6953125
0.6650390625
0.6962890625
0.67529296875
0.6474609375
0.619140625
0.599609375
0.58935546875
0.5830078125
0.6044921875
0.62841796875
0.61767578125
0.60107421875
0.64599609375
0.650390625
0.6318359375
0.6044921875
0.64208984375
0.6865234375
0.64404296875
0.6484375
0.607421875
0.63916015625
0.61083984375
0.6064453125
0.568359375
0.54541015625
0.537109375
0.57177734375
0.56689453125
0.55126953125
0.56884765625
0.591796875
0.548828125
0.56103515625
0.51904296875
0.5263671875
0.5087890625
0.50048828125
0.49658203125
0.53662109375
0.5498046875
0.53955078125
0.564453125
0.53076171875
0.54443359375
0.48388671875
0.54150390625
0.54296875
0.544921875
0.53125
0.52880859375
0.56787109375
0.62646484375
0.6328125
0.6357421875
0.6455078125
0.64697265625
0.68212890625
0.65673828125
0.6728515625
0.685546875
0.716796875
0.69775390625
0.693359375
0.6796875
0.6650390625
0.669921875
0.68017578125
0.68505859375
0.69140625
0.73095703125
0.70068359375
0.7392578125
0.72705078125
0.72412109375
0.70654296875
0.68359375
0.712890625
0.70166015625
0.65087890625
0.68359375
0.71630859375
0.71240234375
0.7138671875
0.72216796875
0.70458984375
0.7392578125
0.748046875
0.73095703125
0.732421875
0.7060546875
0.71826171875
0.75634765625
0.7412109375
0.751953125
0.77099609375
0.76220703125
0.736328125
0.728515625
0.74169921875
0.728515625
0.703125
0.7060546875
0.7314453125
0.7060546875
0.70849609375
0.7275390625
0.736328125
0.73486328125
0.76806640625
0.779296875
0.7880859375
0.77880859375
0.76806640625
0.7900390625
0.76708984375
0.7509765625
0.748046875
0.7607421875
0.74658203125
0.7783203125
0.75341796875
0.76904296875
0.75537109375
0.72607421875
0.7109375
0.69189453125
0.69091796875
0.6884765625
0.7001953125
0.7294921875
0.74462890625
0.7314453125
0.72900390625
0.705078125
0.68701171875
0.71337890625
0.7158203125
0.6904296875
0.71923828125
0.68310546875
0.68798828125
0.65771484375
0.65576171875
0.630859375
0.6259765625
0.6220703125
0.62109375
0.6435546875
0.66943359375
0.6748046875
0.63720703125
0.6357421875
0.65576171875
0.60791015625
0.60205078125
0.61474609375
0.63720703125
0.6201171875
0.62646484375
0.65966796875
0.68994140625
0.71484375
0.70556640625
0.701171875
0.67529296875
0.6435546875
0.66845703125
0.673828125
0.65380859375
0.61083984375
0.59130859375
0.60693359375
0.580078125
0.58154296875
0.638671875
0.62646484375
0.61767578125
0.609375
0.59765625
0.60205078125
0.56982421875
0.55712890625
0.54736328125
0.53955078125
0.541015625
0.52490234375
0.55419921875
0.56298828125
0.5625
0.5791015625
0.5244140625
0.5126953125
0.466796875
0.466796875
0.42236328125
0.43212890625
0.4931640625
0.50830078125
0.53759765625
0.521484375
0.56396484375
0.5458984375
0.5546875
0.5576171875
0.5693359375
0.56005859375
0.572265625
0.55810546875
0.57177734375
0.60302734375
0.61083984375
0.59814453125
0.58740234375
0.5888671875
0.5966796875
0.6015625
0.55078125
0.55322265625
0.51708984375
0.54248046875
0.54150390625
0.484375
0.4228515625
0.4443359375
0.451171875
0.4638671875
0.5048828125
0.53076171875
0.55078125
0.55419921875
0.52783203125
0.51220703125
0.51123046875
0.52392578125
0.544921875
0.5302734375
0.4912109375
0.50390625
0.501953125
0.50537109375
0.51123046875
0.490234375
0.48193359375
0.52001953125
0.49853515625
0.4892578125
0.4970703125
0.50341796875
0.50146484375
0.484375
0.5126953125
0.53466796875
0.533203125
0.53515625
0.5087890625
0.4658203125
0.4521484375
0.45947265625
0.47607421875
0.46044921875
0.4248046875
0.44091796875
0.4453125
0.4345703125
0.37353515625
0.3916015625
0.41845703125
0.41650390625
0.42041015625
0.38720703125
0.384765625
0.3623046875
0.34521484375
0.349609375
0.3369140625
0.3388671875
0.3115234375
0.306640625
0.31591796875
0.31396484375
0.2998046875
0.296875
0.2734375
0.2861328125
0.271484375
0.2734375
0.2744140625
0.2802734375
0.2587890625
0.26806640625
0.26123046875
0.2509765625
0.21923828125
0.2236328125
0.27880859375
0.2998046875
0.32470703125
0.31982421875
0.3291015625
0.36865234375
0.4169921875
0.41748046875
0.4501953125
0.4140625
0.4052734375
0.4248046875
0.39990234375
0.42822265625
0.41064453125
0.43115234375
0.40283203125
0.376953125
0.36376953125
0.35302734375
0.3837890625
0.4150390625
0.4208984375
0.37158203125
0.3857421875
0.353515625
0.31494140625
0.3056640625
0.34326171875
0.34765625
0.3359375
0.32861328125
0.361328125
0.39697265625
0.41650390625
0.41259765625
0.42724609375
0.44140625
0.40966796875
0.384765625
0.39892578125
0.39013671875
0.36865234375
0.3828125
0.35400390625
0.36181640625
0.37841796875
0.384765625
0.3994140625
0.43896484375
0.44873046875
0.4677734375
0.43896484375
0.45849609375
0.47509765625
0.43505859375
0.44384765625
0.44921875
0.42333984375
0.43310546875
0.431640625
0.4423828125
0.439453125
0.45361328125
0.47119140625
0.4921875
0.478515625
0.4716796875
0.48779296875
0.513671875
0.50537109375
0.4609375
0.5107421875
0.46240234375
0.47412109375
0.474609375
0.498046875
0.494140625
0.53759765625
0.5595703125
0.525390625
0.53564453125
0.5673828125
0.55712890625
0.5810546875
0.583984375
0.5888671875
0.62841796875
0.66064453125
0.677734375
0.73583984375
0.75
0.77099609375
0.76513671875
0.763671875
0.74755859375
0.744140625
0.7265625
