0.7992
0.8088
0.852
0.8512
0.8192
0.8592
0.8232
0.844
0.8568
0.8464
0.8424
0.7912
0.7504
0.7456
0.76
0.7848
0.7608
0.756
0.7944
0.7848
0.78
0.7984
0.76
0.7624
0.7512
0.7136
0.7
0.6888
0.6464
0.668
0.6176
0.604
0.592
0.572
0.6184
0.6152
0.6192
0.6648
0.6728
0.7184
0.6592
0.668
0.6424
0.6464
0.6792
0.7088
0.7552
0.7408
0.7568
0.7096
0.7696
0.7704
0.84
0.8536
0.8072
0.7568
0.7496
0.7584
0.7616
0.7728
0.7712
0.78
0.7928
0.7912
0.7824
0.7664
0.7848
0.7968
0.7616
0.7424
0.7592
0.76
0.7624
0.7464
0.752
0.7144
0.696
0.7184
0.74
0.7352
0.7064
0.644
0.6328
0.6208
0.6536
0.716
0.6632
0.6448
0.656
0.644
0.6608
0.648
0.708
0.712
0.7488
0.7368
0.6712
0.6392
0.5784
0.604
0.5904
0.588
0.6024
0.6144
0.6008
0.6224
0.5752
0.6192
0.6696
0.716
0.7584
0.7432
0.7768
0.7736
0.8168
0.7944
0.7912
0.78
0.7976
0.7728
0.7496
0.7472
0.7504
0.7496
0.732
0.7136
0.6848
0.6208
0.644
0.6712
0.6768
0.6928
0.6616
0.6864
0.7048
0.7472
0.7752
0.7856
0.792
0.7992
0.7728
0.7656
0.7816
0.756
0.736
0.6992
0.7504
0.7704
0.7528
0.784
0.7864
0.7528
0.7528
0.728
0.7312
0.6992
0.7368
0.8016
0.8032
0.8112
0.7872
0.8
0.7976
0.7912
0.8
0.7912
0.8144
0.8144
0.8496
0.8112
0.7888
0.7912
0.8272
0.8224
0.7824
0.7384
0.7304
0.7328
0.7144
0.7048
0.7136
0.692
0.5952
0.6008
0.6152
0.6448
0.668
0.6776
0.6968
0.6896
0.7144
0.6424
0.584
0.5728
0.5368
0.5336
0.52
0.5448
0.5536
0.536
0.5432
0.5312
0.5432
0.4992
0.5216
0.5304
0.56
0.4936
0.4632
0.5256
0.5488
0.4968
0.4848
0.5144
0.5384
0.5368
0.5336
0.5304
0.5008
0.5112
0.4864
0.5232
0.572
0.5704
0.5232
0.5256
0.5344
0.548
0.5528
0.552
0.5784
0.548
0.564
0.6048
0.6104
0.5968
0.6256
0.6536
0.668
0.6544
0.6336
0.6656
0.6496
0.6216
0.6272
0.6424
0.5696
0.5672
0.544
0.5864
0.612
0.5328
0.5
0.4816
0.4576
0.4664
0.4928
0.4352
0.4352
0.4688
0.5008
0.4496
0.4424
0.4152
0.3648
0.3472
0.3168
0.2904
0.2672
0.304
0.3104
0.2912
0.2816
0.3016
0.3008
0.348
0.288
0.2328
0.268
0.2016
0.2224
0.1816
0.0976
0.0736
0.056
0.1008
0.1112
0.1272
0.1072
0.0912
0.1144
0.1176
0.1064
0.112
0.092
0.108
0.0808
0.1176
0.1336
0.16
0.12
0.1752
0.2392
0.236
0.236
0.2432
0.2888
0.2784
0.2344
0.3112
0.3624
0.316
0.3224
0.3168
0.3232
0.3168
0.344
0.3384
0.3392
0.3472
0.3496
0.368
0.3984
0.3936
0.42
0.4048
0.3848
0.4456
0.4808
0.5136
0.5184
0.5032
0.5416
0.5152
0.4776
0.4792
0.4432
0.4712
0.42
0.436
0.4304
0.468
0.4552
0.5016
0.4648
0.4288
0.4248
0.4472
0.4264
0.3496
0.356
0.3432
0.2952
0.2856
0.2648
0.2552
0.2904
0.2976
0.308
0.3248
0.3112
0.3088
0.3008
0.344
0.3384
0.3272
0.2976
0.2536
0.2584
0.2792
0.2704
0.2808
0.3192
0.332
0.3128
0.3544
0.336
0.3312
0.3408
0.26
0.2432
0.2304
0.2392
0.2608
0.2824
0.2544
0.2632
0.268
0.228
0.216
0.1864
0.1576
0.1992
0.2024
0.1984
0.1944
0.1752
0.1944
0.196
0.1568
0.1864
0.2344
0.2584
0.2616
0.2288
0.2264
0.256
0.2696
0.2728
0.2816
0.3024
0.308
0.3792
0.3744
0.3736
0.348
0.3744
0.4288
0.4512
0.4912
0.472
0.4904
0.536
0.5736
0.6176
0.5712
0.5912
0.5792
0.5704
0.552
0.5448
0.5792
0.5504
0.4976
0.5344
0.528
0.532
0.5408
0.56
0.5536
0.5616
0.572
0.5664
0.5504
0.536
0.5208
0.52
0.5408
0.5648
0.584
0.5728
0.5632
0.564
0.5008
0.5016
0.5144
0.5368
0.536
0.5528
0.508
0.4792
0.456
0.4096
0.392
0.4264
0.4824
0.4752
0.4584
0.4504
0.4208
0.4384
0.4752
0.4944
0.5288
0.4776
0.448
0.4688
0.4448
0.4728
0.4936
0.488
0.5072
0.5016
0.4872
0.4776
0.4512
0.4712
0.4592
0.496
0.4856
0.5128
0.5504
0.5504
0.564
0.5632
0.5544
0.5408
0.5736
0.5432
0.5968
0.6048
0.6016
0.6768
0.6624
0.6624
0.6512
0.628
0.6432
0.648
0.648
0.6704
0.6208
0.68
0.7056
0.7136
0.7288
0.7168
0.728
0.7072
0.7024
0.7408
0.7648
0.7544
0.7392
0.7256
0.7392
0.7496
0.7808
0.7896
0.7688
0.7784
0.7752
0.7376
0.7304
0.7128
0.692
0.7056
0.7312
0.776
0.7568
0.7936
0.7784
0.7656
0.756
0.7488
0.7792
0.7864
0.8032
0.836
0.8208
0.8304
0.8256
0.7992
0.7728
0.7632
0.772
0.712
0.744
0.7424
0.7304
0.6864
0.7216
0.708
0.7472
0.7256
0.7312
0.7096
0.6976
0.6976
0.7328
0.7704
0.7736
0.7192
0.716
0.756
0.716
0.78
0.7624
0.7944
0.7936
0.8256
0.7976
0.7808
0.7984
0.8064
0.7696
0.7656
0.7416
0.7336
0.7072
0.6864
0.656
0.6712
0.6504
0.6584
0.6528
0.6568
0.6312
0.6072
0.6304
0.5784
0.5576
0.5232
0.5472
0.5872
0.5864
0.556
0.5784
0.5472
0.5424
0.5416
0.5672
0.5808
0.592
0.6128
0.5904
0.6184
0.5688
0.524
0.5288
0.4944
0.5312
0.5528
0.536
0.5424
0.5128
0.5064
0.4888
0.5064
0.5048
0.4976
0.5064
0.4888
0.468
0.4984
0.4432
0.416
0.4256
0.4344
0.404
0.3912
0.4288
0.4328
0.4304
0.4672
0.4896
0.5032
0.4968
0.5224
0.548
0.5656
0.5744
0.552
0.5744
0.6032
0.6144
0.5472
0.5448
0.5776
0.5976
0.5936
0.5952
0.6128
0.588
0.5528
0.5608
0.5832
0.5816
0.5632
0.572
0.5464
0.504
0.4848
0.472
0.5336
0.58
0.5736
0.5728
0.592
0.5848
0.6048
0.6016
0.5112
0.5056
0.4656
0.4976
0.516
0.52
0.4816
0.464
0.5152
0.5192
0.536
0.5008
0.5432
0.584
0.5728
0.5136
0.5408
0.5624
0.5776
0.5832
0.5936
0.5608
0.5792
0.5976
0.6392
0.6648
0.7032
0.7088
0.708
0.6616
0.6672
0.6808
0.724
0.6592
0.6512
0.632
0.6824
0.6984
0.6656
0.6752
0.68
0.6888
0.7016
0.6912
0.6888
0.6864
0.6296
0.6304
0.648
0.6664
0.6592
0.684
0.7096
0.7344
0.7272
0.696
0.6824
0.6992
0.744
0.768
0.7272
0.7272
0.744
0.76
0.772
0.776
0.7832
0.7408
0.7688
0.7728
0.8208
0.8024
0.7768
0.7848
0.7808
0.7896
0.7872
0.7912
0.732
0.7424
0.7688
0.8056
0.7712
0.7704
0.784
0.7896
0.7768
0.7632
0.7176
0.7608
0.8072
0.7832
0.804
0.7968
0.8128
0.8304
0.7776
0.7848
0.8312
0.8336
0.824
0.8408
0.824
0.8312
0.8304
0.824
0.8232
0.8056
0.7936
0.8256
0.8368
0.8256
0.7968
0.78
0.76
0.7232
0.6904
0.7576
0.7064
0.716
0.7056
0.728
0.7352
0.7632
0.8104
0.8
0.7616
0.7344
0.7496
0.7624
0.7712
0.7376
0.7264
0.692
0.6768
0.712
0.736
0.7368
0.7456
0.804
0.7736
0.7384
0.756
0.7632
0.7552
0.7984
0.768
0.7112
0.7024
0.7648
0.796
0.7464
0.7536
0.7632
0.7624
0.7632
0.764
0.7608
0.792
0.776
0.7504
0.768
0.78
0.8016
0.7968
0.8104
0.8208
0.7784
0.8096
0.7632
0.7656
0.7768
0.7744
0.764
0.7584
0.7568
0.7328
0.712
0.6696
0.6744
0.7152
0.7304
0.7024
0.7008
0.7384
0.7256
0.6752
0.6544
0.7064
0.708
0.7056
0.7064
0.7024
0.6872
0.7112
0.7128
0.6784
0.6424
0.6416
0.6248
0.6312
0.6936
0.7344
0.7504
0.756
0.7352
0.732
0.7744
0.736
0.7232
0.7336
0.724
0.692
0.7072
0.7272
0.6912
0.6632
0.6568
0.6312
0.6368
0.6312
0.6032
0.5904
0.5872
0.6672
0.688
0.6352
0.5864
0.604
0.568
0.5616
0.5648
0.58
0.5984
0.5584
0.572
0.5768
0.5952
0.6152
0.6176
0.604
0.6336
0.66
0.6624
0.6664
0.6744
0.6568
0.696
0.696
0.6848
0.6
0.552
0.5616
0.4792
0.4376
0.4552
0.52
0.4904
0.492
0.516
0.5288
0.564
0.592
0.5664
0.5792
0.6208
0.6872
0.7168
0.7144
0.688
0.7
0.7072
0.7288
0.7288
0.7224
0.74
0.7576
0.7584
0.7688
0.7432
0.7648
0.804
0.7808
0.7336
0.7352
0.712
0.7624
0.7208
0.7064
0.7064
0.6704
0.6584
0.672
0.6504
0.6584
0.6848
0.652
0.6744
0.6528
0.664
0.6656
0.6856
0.6896
0.6864
0.6896
0.7064
0.7352
0.7688
0.7568
0.8144
0.8016
0.8064
0.7368
0.772
0.756
0.696
0.7104
0.7352
