0.7976
0.8048
0.8144
0.824
0.8448
0.8312
0.8144
0.812
0.8168
0.8224
0.8168
0.824
0.852
0.8512
0.8904
0.8816
0.8864
0.8976
0.9112
0.9152
0.9064
0.9128
0.916
0.9408
0.8944
0.8832
0.8736
0.8768
0.8688
0.8704
0.8648
0.8784
0.8792
0.908
0.892
0.8544
0.8488
0.8704
0.868
0.8832
0.9064
0.8848
0.8816
0.8872
0.8832
0.8816
0.8672
0.8376
0.8432
0.8664
0.8568
0.832
0.852
0.8136
0.8088
0.82
0.8304
0.8432
0.8552
0.8584
0.8488
0.812
0.8272
0.8344
0.8672
0.8856
0.8872
0.8576
0.848
0.8304
0.8504
0.8448
0.852
0.8312
0.8288
0.8376
0.8592
0.884
0.9064
0.8936
0.8752
0.8576
0.856
0.824
0.8256
0.7728
0.792
0.8112
0.8168
0.8336
0.8368
0.8368
0.872
0.868
0.8832
0.8488
0.8536
0.8792
0.8872
0.8576
0.8696
0.8872
0.8784
0.8368
0.8536
0.8544
0.8528
0.8408
0.8616
0.8456
0.8528
0.852
0.8648
0.8664
0.8656
0.884
0.8824
0.8736
0.8416
0.844
0.8848
0.8584
0.8344
0.8496
0.8584
0.856
0.8784
0.876
0.8896
0.8768
0.864
0.8344
0.8376
0.8008
0.8208
0.832
0.8488
0.86
0.868
0.8536
0.8408
0.8704
0.8656
0.8584
0.8472
0.8296
0.8368
0.8304
0.8248
0.8248
0.8408
0.8264
0.836
0.852
0.828
0.828
0.8328
0.8264
0.8408
0.8648
0.896
0.8952
0.9008
0.8792
0.8672
0.8672
0.8776
0.9024
0.8856
0.9
0.8968
0.8912
0.8936
0.9032
0.8856
0.8752
0.8576
0.8496
0.876
0.8672
0.8672
0.84
0.8592
0.8512
0.8688
0.8856
0.8848
0.8832
0.88
0.8464
0.8336
0.824
0.8368
0.8768
0.8952
0.8888
0.88
0.8912
0.8872
0.876
0.888
0.8736
0.8728
0.8752
0.884
0.8816
0.9
0.8816
0.848
0.8776
0.8792
0.8752
0.884
0.872
0.8528
0.872
0.844
0.848
0.8696
0.876
0.8664
0.8608
0.8304
0.8624
0.8768
0.8832
0.8664
0.8488
0.8248
0.8416
0.8392
0.7832
0.8128
0.8512
0.8432
0.872
0.8608
0.86
0.8408
0.8264
0.836
0.8376
0.8208
0.8688
0.8144
0.8432
0.8216
0.8336
0.8672
0.8432
0.8424
0.8504
0.864
0.8488
0.832
0.8448
0.836
0.8008
0.7832
0.7504
0.7512
0.7792
0.7992
0.8032
0.8064
0.7896
0.8136
0.8256
0.8672
0.8576
0.8528
0.8088
0.8392
0.8536
0.8352
0.8408
0.836
0.852
0.8088
0.8016
0.7984
0.7928
0.8256
0.84
0.8768
0.8568
0.856
0.8128
0.8264
0.836
0.8656
0.8664
0.8688
0.8784
0.8776
0.8824
0.8552
0.8728
0.8736
0.8464
0.864
0.8624
0.8776
0.884
0.9064
0.8864
0.9048
0.8872
0.8928
0.8848
0.8896
0.8968
0.8952
0.9
0.864
0.8376
0.8416
0.8408
0.8608
0.8408
0.8432
0.8336
0.8704
0.8496
0.8128
0.8512
0.8504
0.8544
0.8648
0.8776
0.864
0.876
0.9
0.8944
0.9
0.8696
0.856
0.8752
0.8888
0.9
0.8704
0.8672
0.8528
0.8744
0.912
0.8928
0.8928
0.9224
0.8816
0.8712
0.8672
0.8744
0.8704
0.8816
0.8664
0.8464
0.8776
0.8696
0.8456
0.8744
0.8656
0.8936
0.88
0.896
0.896
0.8784
0.8624
0.8464
0.8376
0.8168
0.8424
0.868
0.8632
0.8328
0.8592
0.8488
0.8368
0.8512
0.828
0.8392
0.8192
0.86
0.8592
0.8552
0.8496
0.8192
0.8256
0.8448
0.8824
0.8744
0.888
0.876
0.8664
0.868
0.8872
0.876
0.9048
0.856
0.8336
0.8632
0.8592
0.856
0.8456
0.8384
0.828
0.8368
0.8544
0.8296
0.8064
0.8184
0.8736
0.8616
0.8592
0.8256
0.8328
0.8464
0.8384
0.864
0.876
0.8472
0.8624
0.8584
0.8384
0.8744
0.8544
0.8504
0.8408
0.8096
0.828
0.8128
0.7752
0.776
0.7896
0.756
0.7992
0.8032
0.8464
0.8504
0.8296
0.8256
0.816
0.8488
0.8848
0.868
0.8568
0.8632
0.8432
0.8416
0.8656
0.8864
0.8992
0.8952
0.8864
0.8936
0.8864
0.888
0.8888
0.8768
0.8848
0.8936
0.8568
0.8736
0.9064
0.8624
0.848
0.8104
0.8272
0.8232
0.836
0.8424
0.852
0.8648
0.8672
0.872
0.8888
0.8672
0.8944
0.876
0.8616
0.8688
0.8408
0.84
0.8528
0.8464
0.8472
0.8376
0.8256
0.8152
0.8064
0.8416
0.8232
0.8512
0.8632
0.8168
0.8048
0.8176
0.8496
0.8664
0.8784
0.8632
0.8712
0.86
0.8608
0.8472
0.852
0.8688
0.8696
0.8808
0.8264
0.8264
0.816
0.8304
0.844
0.8576
0.8376
0.8424
0.8528
0.832
0.8352
0.8432
0.8704
0.8744
0.8728
0.8544
0.844
0.8552
0.8312
0.8216
0.84
0.8296
0.876
0.8688
0.84
0.8488
0.8712
0.8936
0.9056
0.872
0.884
0.8768
0.8544
0.8648
0.8816
0.8744
0.8928
0.9048
0.8952
0.8976
0.8856
0.8672
0.884
0.8888
0.8784
0.868
0.8232
0.8272
0.84
0.8208
0.8728
0.8696
0.8424
0.8304
0.8368
0.8736
0.8464
0.8384
0.8352
0.8368
0.8496
0.8496
0.8512
0.8432
0.828
0.8288
0.8544
0.8752
0.8848
0.852
0.8192
0.8376
0.8168
0.7992
0.7952
0.8112
0.824
0.8512
0.8504
0.8336
0.8672
0.86
0.8656
0.8712
0.8968
0.8736
0.8496
0.8672
0.8752
0.8424
0.8144
0.816
0.8192
0.8096
0.804
0.8032
0.8368
0.8328
0.8424
0.8608
0.8656
0.8624
0.8256
0.8336
0.852
0.8672
0.8616
0.8528
0.8536
0.8296
0.8304
0.8536
0.8528
0.8648
0.8416
0.8704
0.8792
0.8776
0.88
0.8672
0.8304
0.8376
0.8336
0.8832
0.884
0.8624
0.8744
0.8696
0.8664
0.8216
0.8184
0.8376
0.8584
0.8792
0.868
0.8472
0.8584
0.8816
0.884
0.8776
0.9016
0.8904
0.8584
0.8472
0.8704
0.8664
0.8832
0.8776
0.8616
0.8616
0.8432
0.8336
0.8368
0.8472
0.8552
0.8872
0.8376
0.8408
0.8608
0.8592
0.8952
0.9056
0.8768
0.876
0.8656
0.8536
0.8824
0.84
0.8456
0.856
0.8656
0.8696
0.8752
0.8584
0.88
0.8936
0.8968
0.8784
0.848
0.8624
0.8488
0.856
0.8568
0.848
0.8504
0.8688
0.8568
0.8408
0.8448
0.8856
0.8784
0.8664
0.8648
0.8544
0.8344
0.8344
0.8296
0.8072
0.8016
0.8152
0.8248
0.856
0.86
0.8744
0.8896
0.8744
0.8832
0.8904
0.8752
0.8472
0.8544
0.8792
0.868
0.88
0.8776
0.8496
0.7944
0.7656
0.7928
0.8256
0.8336
0.8472
0.844
0.8304
0.8304
0.8048
0.7904
0.7656
0.7344
0.7656
0.8016
0.848
0.8464
0.8552
0.8728
0.8728
0.86
0.8904
0.8944
0.8888
0.9024
0.8848
0.8696
0.8608
0.8712
0.832
0.8064
0.8384
0.8368
0.8248
0.8408
0.8216
0.7984
0.8352
0.8296
0.792
0.8312
0.8472
0.8264
0.8232
0.8488
0.8496
0.8568
0.8224
0.8424
0.8536
0.8512
0.8064
0.8136
0.8048
0.8224
0.8336
0.8128
0.8456
0.8184
0.8296
0.8336
0.8192
0.8344
0.8408
0.8632
0.8504
0.8544
0.8912
0.9008
0.8744
0.8952
0.8488
0.8288
0.8496
0.8176
0.812
0.8504
0.8592
0.864
0.8512
0.8528
0.8688
0.8776
0.8848
0.884
0.892
0.884
0.8768
0.8592
0.9056
0.9152
0.9
0.9024
0.8904
0.8952
0.8728
0.8832
0.8792
0.8816
0.8464
0.8352
0.8496
0.8416
0.8472
0.896
0.8744
0.8496
0.8808
0.868
0.8784
0.8648
0.868
0.8672
0.868
0.8432
0.852
0.8576
0.8768
0.86
0.872
0.8904
0.8744
0.8664
0.8896
0.8672
0.8824
0.8904
0.8816
0.9024
0.8976
0.8768
0.8848
0.8448
0.8576
0.8368
0.848
0.8336
0.8368
0.8728
0.8552
0.8352
0.824
0.8192
0.8184
0.8264
0.8592
0.8272
0.8208
0.8136
0.8592
0.8624
0.8784
0.8976
0.8936
0.8656
0.8904
0.8936
0.8776
0.8712
0.8664
0.8344
0.8384
0.8296
0.844
0.8192
0.7872
0.78
0.8016
0.832
0.8216
0.8128
0.8408
0.8592
0.8568
0.828
0.836
0.804
0.7672
0.7696
0.8032
0.7952
0.8056
0.7736
0.7664
0.8056
0.844
0.8248
0.7816
0.7752
0.7824
0.788
0.816
0.8528
0.8408
0.8128
0.8112
0.8184
0.7792
0.7824
0.7664
0.7744
0.8
0.8104
0.8168
0.856
0.84
0.772
0.8184
0.848
0.8432
0.8296
0.84
0.8504
0.84
0.8584
0.8664
0.8296
0.8576
0.836
0.8656
0.8592
0.8616
0.8928
0.9016
0.8928
0.872
0.884
0.868
0.8704
0.8472
0.8768
0.8864
0.8736
0.864
0.8728
0.86
0.8744
0.8792
0.8856
0.8808
0.8712
0.8672
0.8696
0.8632
0.8672
0.8544
0.852
0.8536
0.8632
0.8664
0.8448
0.832
0.852
0.8568
0.844
0.8456
0.8752
0.8488
0.8608
0.8856
0.8848
0.8912
0.8792
0.8784
0.864
0.8608
0.8528
0.8944
0.9024
0.8816
0.8896
0.8912
0.9088
0.9064
0.8864
0.8768
