0.728515625
0.72998046875
0.703125
0.67626953125
0.68701171875
0.67626953125
0.64501953125
0.59423828125
0.60400390625
0.6162109375
0.64501953125
0.61572265625
0.59033203125
0.6123046875
0.55517578125
0.58447265625
0.60302734375
0.61865234375
0.6533203125
0.673828125
0.66455078125
0.64599609375
0.70068359375
0.68994140625
0.68359375
0.66552734375
0.6416015625
0.662109375
0.67919921875
0.630859375
0.6435546875
0.6396484375
0.66015625
0.68603515625
0.67822265625
0.67919921875
0.70263671875
0.7216796875
0.73388671875
0.7041015625
0.69970703125
0.67626953125
0.63818359375
0.63037109375
0.6455078125
0.5849609375
0.55322265625
0.625
0.65966796875
0.66064453125
0.64306640625
0.64013671875
0.64306640625
0.63916015625
0.64794921875
0.6455078125
0.6298828125
0.62939453125
0.61328125
0.6513671875
0.67138671875
0.666015625
0.6787109375
0.64453125
0.578125
0.5673828125
0.57373046875
0.607421875
0.60400390625
0.634765625
0.6923828125
0.7060546875
0.66845703125
0.68212890625
0.65869140625
0.61669921875
0.642578125
0.64990234375
0.6337890625
0.67041015625
0.671875
0.66015625
0.6611328125
0.65576171875
0.69189453125
0.685546875
0.6845703125
0.64453125
0.66259765625
0.66259765625
0.66748046875
0.66845703125
0.66650390625
0.642578125
0.666015625
0.701171875
0.7158203125
0.69677734375
0.69140625
0.697265625
0.71728515625
0.75830078125
0.78173828125
0.7373046875
0.7451171875
0.75
0.732421875
0.736328125
0.71875
0.73046875
0.71240234375
0.748046875
0.73779296875
0.72802734375
0.74609375
0.7900390625
0.79248046875
0.7900390625
0.779296875
0.79296875
0.80810546875
0.81591796875
0.79443359375
0.7490234375
0.7841796875
0.7900390625
0.802734375
0.77783203125
0.7685546875
0.7451171875
0.75048828125
0.740234375
0.7607421875
0.7822265625
0.7529296875
0.759765625
0.72802734375
0.71484375
0.7265625
0.72314453125
0.7119140625
0.677734375
0.64892578125
0.65869140625
0.6826171875
0.69384765625
0.673828125
0.67724609375
0.6865234375
0.68310546875
0.6533203125
0.6728515625
0.65771484375
0.64794921875
0.66357421875
0.65576171875
0.67333984375
0.6640625
0.65966796875
0.64892578125
0.64697265625
0.62451171875
0.6220703125
0.5966796875
0.6259765625
0.6259765625
0.62841796875
0.62939453125
0.5810546875
0.63720703125
0.630859375
0.580078125
0.61669921875
0.625
0.599609375
0.57861328125
0.58935546875
0.60107421875
0.63134765625
0.59912109375
0.62255859375
0.6171875
0.60009765625
0.6044921875
0.615234375
0.6103515625
0.60302734375
0.5927734375
0.591796875
0.58642578125
0.5810546875
0.564453125
0.56396484375
0.5673828125
0.55126953125
0.52294921875
0.50146484375
0.57666015625
0.5712890625
0.56591796875
0.5634765625
0.58984375
0.580078125
0.638671875
0.67724609375
0.6767578125
0.693359375
0.7080078125
0.68798828125
0.65673828125
0.66943359375
0.6630859375
0.67138671875
0.64306640625
0.6474609375
0.67333984375
0.69970703125
0.67626953125
0.66455078125
0.697265625
0.7109375
0.73388671875
0.705078125
0.7275390625
0.77197265625
0.75634765625
0.720703125
0.7392578125
0.748046875
0.76904296875
0.76513671875
0.78759765625
0.81787109375
0.802734375
0.81884765625
0.7822265625
0.76025390625
0.740234375
0.75634765625
0.734375
0.75927734375
0.74951171875
0.7548828125
0.75244140625
0.77001953125
0.7587890625
0.7607421875
0.78955078125
0.71240234375
0.69140625
0.708984375
0.72412109375
0.74560546875
0.7294921875
0.72265625
0.72119140625
0.68896484375
0.70703125
0.7216796875
0.72802734375
0.7392578125
0.74365234375
0.7568359375
0.75146484375
0.76611328125
0.77099609375
0.7568359375
0.765625
0.7626953125
0.77490234375
0.77685546875
0.78759765625
0.80078125
0.79150390625
0.77978515625
0.78759765625
0.7890625
0.77001953125
0.76953125
0.7412109375
0.75634765625
0.75537109375
0.78125
0.763671875
0.7802734375
0.7568359375
0.7080078125
0.72412109375
0.73388671875
0.7587890625
0.78564453125
0.77783203125
0.7734375
0.76611328125
0.76904296875
0.77197265625
0.76953125
0.76025390625
0.7548828125
0.75244140625
0.76220703125
0.72265625
0.744140625
0.734375
0.70263671875
0.70263671875
0.69482421875
0.7255859375
0.71826171875
0.69140625
0.7197265625
0.720703125
0.681640625
0.6533203125
0.66943359375
0.662109375
0.6640625
0.65771484375
0.67333984375
0.671875
0.69921875
0.681640625
0.65380859375
0.62890625
0.64306640625
0.65625
0.6357421875
0.63720703125
0.62646484375
0.60546875
0.57763671875
0.5029296875
0.47607421875
0.4365234375
0.46630859375
0.44140625
0.4375
0.44384765625
0.4404296875
0.4560546875
0.4462890625
0.44287109375
0.44482421875
0.48974609375
0.47705078125
0.4990234375
0.5078125
0.515625
0.51904296875
0.51220703125
0.54736328125
0.5498046875
0.580078125
0.560546875
0.53955078125
0.5556640625
0.5654296875
0.55615234375
0.58544921875
0.6064453125
0.611328125
0.63623046875
0.65869140625
0.65234375
0.6396484375
0.65625
0.6279296875
0.62060546875
0.60302734375
0.6416015625
0.642578125
0.64892578125
0.65673828125
0.65087890625
0.66015625
0.63671875
0.6015625
0.64208984375
0.66064453125
0.70068359375
0.705078125
0.6689453125
0.65869140625
0.64306640625
0.68359375
0.697265625
0.7265625
0.7236328125
0.73046875
0.67919921875
0.69091796875
0.68212890625
0.654296875
0.6494140625
0.67041015625
0.67529296875
0.6748046875
0.70654296875
0.669921875
0.65966796875
0.703125
0.67822265625
0.71142578125
0.70556640625
0.70068359375
0.70263671875
0.70849609375
0.6708984375
0.6875
0.685546875
0.6689453125
0.6591796875
0.64453125
0.65478515625
0.67724609375
0.67529296875
0.67822265625
0.6728515625
0.6865234375
0.70263671875
0.7236328125
0.7080078125
0.7060546875
0.71240234375
0.70703125
0.75048828125
0.7275390625
0.73193359375
0.7734375
0.744140625
0.72998046875
0.67529296875
0.74072265625
0.76171875
0.7314453125
0.73681640625
0.74609375
0.732421875
0.7119140625
0.70751953125
0.7177734375
0.7470703125
0.75634765625
0.76708984375
0.78466796875
0.75341796875
0.75927734375
0.72802734375
0.7392578125
0.72705078125
0.7265625
0.7451171875
0.72216796875
0.74755859375
0.7939453125
0.7724609375
0.77587890625
0.794921875
0.74755859375
0.7373046875
0.74462890625
0.74560546875
0.7294921875
0.7373046875
0.744140625
0.708984375
0.736328125
0.68505859375
0.6767578125
0.69873046875
0.7216796875
0.7294921875
0.70849609375
0.69873046875
0.65283203125
0.67724609375
0.6611328125
0.63134765625
0.60400390625
0.59423828125
0.56201171875
0.52783203125
0.54296875
0.54150390625
0.52880859375
0.5927734375
0.576171875
0.611328125
0.60693359375
0.580078125
0.5830078125
0.5966796875
0.5966796875
0.56689453125
0.56005859375
0.55029296875
0.517578125
0.55810546875
0.5244140625
0.53662109375
0.55322265625
0.52001953125
0.48193359375
0.48583984375
0.46826171875
0.51123046875
0.4931640625
0.4990234375
0.47412109375
0.5224609375
0.50439453125
0.50634765625
0.4560546875
0.458984375
0.4599609375
0.4892578125
0.52392578125
0.5380859375
0.49755859375
0.4912109375
0.4775390625
0.4521484375
0.4619140625
0.44873046875
0.44287109375
0.4208984375
0.41552734375
0.38720703125
0.4150390625
0.4375
0.39794921875
0.4052734375
0.3896484375
0.44189453125
0.48828125
0.4873046875
0.47509765625
0.45361328125
0.46533203125
0.44091796875
0.44775390625
0.42578125
0.439453125
0.43798828125
0.43115234375
0.44873046875
0.39794921875
0.42529296875
0.40087890625
0.40673828125
0.41552734375
0.43017578125
0.43310546875
0.41259765625
0.40234375
0.412109375
0.33935546875
0.38427734375
0.361328125
0.3427734375
0.3486328125
0.2900390625
0.287109375
0.29736328125
0.30029296875
0.291015625
0.24267578125
0.24072265625
0.26416015625
0.2958984375
0.2734375
0.3046875
0.30517578125
0.3134765625
0.33984375
0.35791015625
0.37451171875
0.43603515625
0.46142578125
0.46240234375
0.50732421875
0.5029296875
0.51318359375
0.529296875
0.53466796875
0.52685546875
0.5126953125
0.4736328125
0.46484375
0.4443359375
0.404296875
0.4130859375
0.40234375
0.376953125
0.3916015625
0.380859375
0.39599609375
0.36376953125
0.302734375
0.29443359375
0.30126953125
0.330078125
0.3095703125
0.31787109375
0.31396484375
0.34814453125
0.30224609375
0.29541015625
0.30419921875
0.38720703125
0.39404296875
0.36181640625
0.37109375
0.3310546875
0.328125
0.35009765625
0.3388671875
0.34423828125
0.37744140625
0.39404296875
0.38134765625
0.3779296875
0.36767578125
0.37890625
0.400390625
0.40673828125
0.408203125
0.40087890625
0.412109375
0.38818359375
0.42724609375
0.44970703125
0.45361328125
0.47412109375
0.4521484375
0.359375
0.35986328125
0.3310546875
0.3896484375
0.38232421875
0.39892578125
0.40283203125
0.42529296875
0.4150390625
0.42724609375
0.42041015625
0.435546875
0.39990234375
0.40478515625
0.3876953125
0.42333984375
0.42041015625
0.431640625
0.44189453125
0.46337890625
0.4365234375
0.42919921875
0.40478515625
0.4130859375
0.41162109375
0.37353515625
0.42333984375
0.43701171875
0.44091796875
0.41845703125
0.4033203125
0.423828125
0.41015625
0.43994140625
0.45068359375
0.4189453125
0.45947265625
0.42138671875
0.42578125
0.43359375
0.46435546875
0.48828125
0.5654296875
0.568359375
0.5361328125
0.52294921875
0.52294921875
0.50244140625
0.50634765625
0.48974609375
0.47314453125
0.48291015625
0.46484375
0.45556640625
0.443359375
0.46337890625
0.4931640625
0.50634765625
0.517578125
0.49462890625
0.43017578125
0.40771484375
0.419921875
0.43115234375
0.43115234375
0.4345703125
0.41064453125
0.4267578125
0.40283203125
0.34912109375
0.314453125
0.26904296875
0.2578125
0.25927734375
0.2958984375
0.2900390625
0.3095703125
0.3154296875
0.2998046875
0.3056640625
0.3359375
0.326171875
0.30322265625
0.326171875
0.3173828125
0.2841796875
0.263671875
0.22216796875
0.20751953125
0.2470703125
0.271484375
0.22900390625
0.23876953125
0.28955078125
0.3486328125
0.353515625
0.3466796875
0.32958984375
0.3857421875
0.36328125
0.35986328125
0.31005859375
0.31103515625
0.32275390625
0.33984375
0.32421875
0.3330078125
0.32080078125
0.31689453125
0.2978515625
0.2607421875
0.23681640625
0.259765625
0.267578125
0.24462890625
0.24169921875
0.25
0.28369140625
0.2763671875
0.2880859375
0.2607421875
0.29248046875
0.2900390625
0.296875
0.31201171875
0.298828125
0.2705078125
0.27294921875
0.28271484375
0.3232421875
0.310546875
0.322265625
0.359375
0.36474609375
0.396484375
0.41357421875
0.39208984375
0.43505859375
0.4208984375
0.421875
0.4501953125
0.466796875
0.44970703125
0.48291015625
0.490234375
0.52197265625
0.5283203125
0.52490234375
0.50341796875
0.48388671875
0.4755859375
0.486328125
0.4208984375
0.40625
0.4248046875
0.453125
0.43310546875
0.4619140625
0.4599609375
0.4599609375
0.44384765625
0.43798828125
0.4443359375
0.470703125
0.39990234375
0.38525390625
0.38623046875
0.41455078125
0.4306640625
0.4560546875
0.4638671875
0.474609375
0.47021484375
0.515625
0.486328125
0.48974609375
0.4833984375
0.52197265625
0.55126953125
0.564453125
0.5908203125
0.60595703125
0.62939453125
0.67822265625
0.68017578125
0.66748046875
0.66943359375
0.71923828125
0.74072265625
0.68994140625
0.67919921875
0.6708984375
0.64990234375
0.638671875
0.63330078125
0.64013671875
0.63720703125
0.6005859375
0.5888671875
0.62158203125
0.6376953125
0.66552734375
0.69287109375
0.6943359375
0.7080078125
0.70556640625
0.7158203125
0.74169921875
0.70654296875
0.7099609375
0.72314453125
0.68896484375
0.6494140625
0.68994140625
0.66748046875
0.63330078125
0.6396484375
0.68408203125
0.703125
0.7158203125
0.72216796875
0.732421875
0.712890625
0.70166015625
0.69091796875
0.708984375
0.68994140625
0.66357421875
0.67236328125
0.70654296875
0.6845703125
0.6728515625
0.712890625
0.71142578125
0.70556640625
0.740234375
0.72900390625
0.74267578125
0.71533203125
0.744140625
0.736328125
0.7568359375
0.71435546875
0.7265625
0.70703125
0.71435546875
0.69970703125
0.69140625
0.68359375
0.67919921875
0.71044921875
0.72998046875
0.73583984375
0.7333984375
0.7119140625
0.70263671875
0.701171875
0.6943359375
0.68701171875
0.71337890625
0.73095703125
0.71435546875
0.71435546875
0.7265625
0.6953125
0.7060546875
0.6982421875
0.67529296875
0.69677734375
0.705078125
0.68115234375
0.66796875
0.6875
0.67626953125
0.71533203125
0.68359375
0.69482421875
0.6962890625
0.6572265625
0.64208984375
0.662109375
0.671875
0.69677734375
0.72216796875
0.70556640625
0.69873046875
0.69873046875
0.64794921875
0.6328125
0.6005859375
0.5732421875
0.62353515625
0.6328125
0.66748046875
0.66064453125
0.64697265625
0.60986328125
0.63330078125
0.666015625
0.65380859375
0.63525390625
0.62646484375
0.60791015625
0.6357421875
0.64111328125
0.671875
0.6767578125
0.6494140625
0.650390625
0.6484375
0.66650390625
0.70849609375
0.70458984375
0.6962890625
0.69775390625
0.7021484375
0.69482421875
0.666015625
0.6630859375
0.642578125
0.68603515625
0.6875
0.65966796875
0.66552734375
0.6962890625
0.6962890625
0.6826171875
0.65771484375
0.67529296875
0.71875
0.71923828125
0.7021484375
0.66748046875
0.681640625
0.74658203125
0.73583984375
0.71240234375
0.70458984375
0.68212890625
0.69140625
0.712890625
0.69873046875
0.7109375
0.7197265625
0.740234375
0.69873046875
0.7265625
0.734375
0.7265625
0.70166015625
0.705078125
0.68408203125
0.68701171875
0.67236328125
0.67626953125
0.70166015625
0.7216796875
0.73974609375
0.73095703125
0.78076171875
0.779296875
0.79638671875
0.80419921875
0.73828125
0.70458984375
