0.3384
0.3208
0.3256
0.348
0.336
0.4096
0.3928
0.3776
0.3816
0.3384
0.308
0.316
0.2576
0.2864
0.2808
0.2704
0.2648
0.2976
0.3016
0.3336
0.2992
0.3056
0.3216
0.296
0.2992
0.3152
0.3192
0.3288
0.364
0.3688
0.3512
0.3744
0.3392
0.2728
0.2752
0.3056
0.2888
0.3104
0.3128
0.2728
0.284
0.284
0.36
0.332
0.3672
0.3872
0.3632
0.3584
0.3168
0.2736
0.2792
0.256
0.252
0.264
0.2792
0.2896
0.2184
0.252
0.2864
0.3008
0.2896
0.2688
0.2432
0.2616
0.272
0.3032
0.3032
0.3168
0.3
0.3352
0.4048
0.3776
0.3872
0.368
0.376
0.408
0.404
0.4104
0.4384
0.472
0.432
0.432
0.464
0.4832
0.5232
0.476
0.4736
0.4408
0.4024
0.3984
0.436
0.3624
0.3448
0.3304
0.2808
0.308
0.3208
0.3216
0.2984
0.356
0.3992
0.428
0.4808
0.4408
0.4344
0.416
0.412
0.364
0.3888
0.408
0.4336
0.4352
0.392
0.4032
0.3752
0.3496
0.3584
0.3584
0.2872
0.2848
0.2456
0.2752
0.3008
0.2624
0.2768
0.2664
0.2592
0.3008
0.3264
0.3232
0.2752
0.3808
0.3216
0.328
0.256
0.2648
0.308
0.2336
0.2264
0.22
0.2856
0.2776
0.2168
0.1728
0.1864
0.1736
0.1808
0.1944
0.2456
0.1888
0.208
0.144
0.1168
0.0528
0.1
0.1008
0.04
0.0976
0.1088
0.1408
0.228
0.268
0.256
0.336
0.2944
0.2944
0.2592
0.1704
0.172
0.0352
0.0464
0.0296
0.0192
0.036
0.0056
0.0264
0.0232
0.1544
0.1344
0.064
0.104
0.0488
0.0472
0.056
0.0432
0.0328
0.0152
0.0176
0.0392
0.1328
0.0952
0.0704
0.1032
0.1648
0.1248
0.2
0.1832
0.1192
0.0824
0.0712
0.016
0.0368
0.0936
0.056
0.024
0.0264
0.0088
0.0
0.008
0.032
0.068
0.1296
0.1568
0.1008
0.1432
0.1736
0.1808
0.22
0.2528
0.268
0.2464
0.2712
0.2824
0.272
0.2344
0.2016
0.204
0.204
0.2624
0.2432
0.2424
0.24
0.2296
0.2408
0.2024
0.1712
0.1568
0.1976
0.12
0.124
0.1088
0.0784
0.1048
0.132
0.1384
0.0632
0.092
0.188
0.2328
0.2608
0.34
0.4312
0.4176
0.3472
0.328
0.3272
0.3296
0.3688
0.3624
0.3392
0.3976
0.3928
0.4408
0.4032
0.4696
0.468
0.4736
0.472
0.4496
0.4512
0.4536
0.4224
0.408
0.4368
0.4128
0.464
0.488
0.5296
0.5256
0.54
0.504
0.4936
0.4504
0.5184
0.5696
0.5664
0.5008
0.508
0.5488
0.5024
0.5296
0.4952
0.44
0.4264
0.4568
0.4672
0.4288
0.3824
0.3912
0.4224
0.3464
0.292
0.316
0.2752
0.28
0.3216
0.3456
0.3024
0.3488
0.3312
0.384
0.3568
0.268
0.2688
0.3016
0.2864
0.2968
0.2392
0.2216
0.2912
0.3016
0.308
0.28
0.2688
0.3408
0.3984
0.4264
0.3696
0.3808
0.408
0.3744
0.38
0.4016
0.3936
0.3768
0.396
0.3888
0.428
0.4384
0.4464
0.452
0.4416
0.4736
0.4912
0.4776
0.4624
0.5104
0.524
0.5336
0.5112
0.5168
0.5488
0.5384
0.5488
0.4768
0.4672
0.5048
0.4504
0.4704
0.4752
0.5024
0.5136
0.5208
0.5056
0.524
0.56
0.5448
0.548
0.5568
0.5752
0.5536
0.5496
0.5768
0.556
0.548
0.568
0.5472
0.44
0.4528
0.4544
0.4344
0.4384
0.4408
0.4
0.4536
0.484
0.4704
0.44
0.4296
0.388
0.3136
0.3728
0.3336
0.3272
0.2816
0.2976
0.3208
0.3416
0.408
0.432
0.44
0.4224
0.3632
0.3488
0.3464
0.4168
0.3184
0.292
0.2952
0.3376
0.3616
0.3296
0.28
0.2968
0.2368
0.2664
0.2456
0.228
0.208
0.2784
0.2784
0.2784
0.3072
0.3176
0.3416
0.3696
0.3688
0.3904
0.3568
0.2848
0.2608
0.2856
0.2608
0.2792
0.3248
0.332
0.3496
0.3296
0.3688
0.3536
0.3808
0.3616
0.3456
0.3464
0.336
0.34
0.3096
0.3008
0.304
0.2344
0.268
0.2272
0.2456
0.2736
0.232
0.2224
0.2016
0.1872
0.192
0.0984
0.0904
0.0368
0.0152
0.0056
0.0376
0.0072
0.0584
0.0016
0.0096
0.0256
0.0072
0.0384
0.04
0.0192
0.0248
0.0088
0.0408
0.04
0.0472
0.12
0.08
0.0872
0.1464
0.1288
0.1152
0.0848
0.084
0.0424
0.0536
0.076
0.1144
0.1104
0.1032
0.0792
0.0736
0.0728
0.0016
0.0792
0.02
0.0752
0.0896
0.0864
0.0528
0.0424
0.0432
0.0312
0.0216
0.088
0.052
0.0704
0.0832
0.0992
0.0832
0.096
0.0824
0.128
0.0736
0.0152
0.024
0.0088
0.0208
0.0304
0.0264
0.0096
0.0336
0.0296
0.0232
0.0456
0.0984
0.196
0.1952
0.1544
0.1688
0.1784
0.1488
0.1752
0.1848
0.1672
0.1768
0.148
0.0928
0.152
0.2112
0.2112
0.2344
0.2712
0.2512
0.224
0.2632
0.2776
0.2472
0.2912
0.2992
0.336
0.3888
0.4208
0.4016
0.4152
0.408
0.408
0.3984
0.3528
0.2672
0.3304
0.3192
0.3256
0.3184
0.3976
0.388
0.3528
0.3496
0.296
0.304
0.3136
0.3016
0.3376
0.3544
0.396
0.3768
0.3816
0.432
0.4216
0.436
0.4136
0.3952
0.3936
0.4056
0.3728
0.3664
0.3216
0.356
0.3208
0.2632
0.2584
0.2184
0.14
0.136
0.1264
0.1016
0.1056
0.1216
0.0624
0.0264
0.0664
0.072
0.0304
0.0608
0.0536
0.0776
0.0592
0.0984
0.0176
0.0048
0.0136
0.0776
0.084
0.1232
0.1056
0.0704
0.0952
0.1224
0.0848
0.0648
0.0424
0.0488
0.0824
0.1632
0.1968
0.1728
0.1624
0.184
0.1856
0.1776
0.2128
0.2584
0.2312
0.2536
0.2816
0.3256
0.2808
0.312
0.3048
0.24
0.2224
0.2448
0.2536
0.268
0.2168
0.2176
0.1704
0.1696
0.1784
0.2168
0.2056
0.1728
0.1752
0.1688
0.1952
0.2024
0.1776
0.1504
0.0856
0.1496
0.1232
0.132
0.1088
0.16
0.164
0.2264
0.2024
0.1664
0.1064
0.0304
0.0008
0.0672
0.032
0.0232
0.0872
0.0592
0.0656
0.0936
0.1408
0.1048
0.012
0.0224
0.0488
0.04
0.0752
0.1104
0.1392
0.1792
0.1656
0.1336
0.1064
0.2072
0.1944
0.2024
0.1712
0.1952
0.1992
0.1792
0.2128
0.244
0.2952
0.3184
0.3304
0.2824
0.2872
0.2376
0.2752
0.3688
0.328
0.3272
0.328
0.3056
0.236
0.2584
0.2736
0.2648
0.2536
0.2456
0.2528
0.2112
0.1848
0.2088
0.2016
0.1968
0.2088
0.2184
0.2448
0.264
0.1992
0.1496
0.1112
0.1528
0.14
0.1216
0.152
0.196
0.1792
0.1488
0.132
0.08
0.1
0.0472
0.0376
0.016
0.0512
0.0504
0.0096
0.048
0.0672
0.0664
0.0272
0.0176
0.0048
0.052
0.044
0.0264
0.0528
0.0896
0.0648
0.088
0.1288
0.172
0.1936
0.2456
0.2944
0.3184
0.2768
0.296
0.2728
0.2624
0.2808
0.2248
0.3152
0.3896
0.416
0.4384
0.4712
0.4728
0.4784
0.4192
0.4816
0.524
0.5392
0.6032
0.6192
0.5808
0.5832
0.556
0.58
0.5712
0.5848
0.4968
0.5184
0.516
0.524
0.4496
0.4544
0.4736
0.532
0.5432
0.5264
0.5016
0.492
0.4576
0.4208
0.4264
0.392
0.4368
0.4152
0.4104
0.3768
0.3904
0.3304
0.352
0.3504
0.3776
0.392
0.3704
0.4192
0.4256
0.4008
0.3792
0.332
0.3256
0.3416
0.348
0.3128
0.3632
0.404
0.4104
0.4032
0.3808
0.4352
0.4624
0.452
0.4096
0.4184
0.4096
0.4856
0.5096
0.5152
0.5008
0.4784
0.4512
0.4144
0.3536
0.3592
0.3232
0.3528
0.3848
0.3744
0.3728
0.3824
0.3808
0.416
0.4008
0.3528
0.3536
0.2872
0.316
0.324
0.2728
0.264
0.2496
0.2976
0.2928
0.304
0.3544
0.3384
0.3496
0.3424
0.3784
0.392
0.4672
0.4888
0.4552
0.4808
0.46
0.392
0.4592
0.4848
0.512
0.476
0.524
0.4648
0.4776
0.4448
0.4936
0.4944
0.4464
0.4312
0.4656
0.4704
0.4384
0.4608
0.4656
0.4672
0.4736
0.4224
0.3704
0.2928
0.2552
0.288
0.2952
0.3448
0.372
0.3552
0.4072
0.4408
0.3856
0.3504
0.3784
0.376
0.2824
0.3272
0.2816
0.2504
0.2768
0.3368
0.3296
0.3256
0.3448
0.3336
0.3896
0.3376
0.3224
0.3264
0.376
0.4168
0.4784
0.4752
0.4016
0.4336
0.464
0.5296
0.576
0.5648
0.5416
0.4928
0.4592
0.5464
0.5744
0.4992
0.5288
0.5352
0.5592
0.5328
0.5648
0.5384
0.516
0.4832
0.4728
0.4576
0.4232
0.4168
0.4376
0.4352
0.444
0.3776
0.3184
0.32
0.352
0.3512
0.396
0.38
0.3608
0.4
0.3864
0.4496
0.4696
0.4624
0.4808
0.4632
0.4664
0.472
0.4648
0.4808
0.4104
0.4424
0.4192
0.3968
0.388
0.3808
0.3584
0.3936
0.4064
0.4216
0.4
0.368
0.3632
0.364
0.348
0.3152
0.3144
0.3368
0.2792
0.3096
