0.116
0.1008
0.2128
0.2272
0.2688
0.2632
0.1832
0.1608
0.12
0.128
0.0968
0.048
0.076
0.0408
0.0424
0.0984
0.0456
0.0008
0.0088
0.0168
0.0984
0.1048
0.0744
0.0856
0.0888
0.0872
0.0696
0.0448
0.1056
0.128
0.1856
0.1832
0.2376
0.228
0.2504
0.3112
0.2992
0.312
0.3256
0.3544
0.3744
0.4152
0.376
0.3456
0.2584
0.2456
0.2728
0.344
0.336
0.3192
0.3344
0.26
0.2784
0.2336
0.1832
0.1752
0.2432
0.2408
0.2928
0.3432
0.3368
0.3024
0.3056
0.2992
0.2984
0.2928
0.272
0.288
0.2632
0.2288
0.204
0.1888
0.1704
0.1968
0.1656
0.1784
0.2904
0.292
0.2912
0.3832
0.356
0.272
0.2472
0.3568
0.2592
0.2528
0.3392
0.3752
0.3712
0.4024
0.3984
0.368
0.3816
0.4408
0.4376
0.4968
0.5368
0.5144
0.4416
0.3832
0.3992
0.372
0.3336
0.3928
0.404
0.4552
0.5064
0.4936
0.4776
0.488
0.5456
0.5008
0.428
0.4336
0.4208
0.3936
0.4112
0.4312
0.4456
0.4168
0.4552
0.4896
0.472
0.472
0.4056
0.4664
0.4744
0.472
0.4968
0.4488
0.4976
0.4936
0.5064
0.4816
0.596
0.548
0.5
0.4664
0.4544
0.5232
0.4864
0.5144
0.4776
0.4368
0.4648
0.42
0.4016
0.3896
0.356
0.3248
0.3832
0.4392
0.416
0.4488
0.456
0.4352
0.444
0.4496
0.4472
0.5088
0.4528
0.4304
0.4112
0.4176
0.3904
0.3024
0.2784
0.2536
0.336
0.3128
0.3344
0.268
0.2888
0.2536
0.2384
0.2208
0.172
0.1816
0.2448
0.2752
0.2616
0.2552
0.2496
0.2392
0.2376
0.2088
0.2656
0.2256
0.2216
0.2256
0.1112
0.1104
0.1608
0.0536
0.0144
0.0592
0.1424
0.148
0.1808
0.228
0.2944
0.3472
0.4064
0.4336
0.4288
0.4568
0.4904
0.536
0.5232
0.5088
0.4448
0.428
0.4048
0.4
0.3848
0.3208
0.3216
0.3424
0.3784
0.3112
0.3624
0.3136
0.3768
0.3904
0.396
0.3952
0.4128
0.4264
0.468
0.4784
0.4856
0.4576
0.5128
0.552
0.512
0.5536
0.5528
0.5784
0.628
0.6976
0.6168
0.5848
0.5112
0.4672
0.4416
0.4104
0.3992
0.4408
0.4584
0.416
0.3912
0.3384
0.3872
0.3888
0.432
0.3664
0.3752
0.3976
0.44
0.3736
0.324
0.3048
0.3256
0.2872
0.2424
0.164
0.156
0.1976
0.2568
0.224
0.2328
0.1936
0.1832
0.208
0.2008
0.1704
0.1296
0.0816
0.06
0.068
0.0776
0.0744
0.0216
0.0344
0.0136
0.0592
0.0224
0.0576
0.0144
0.0784
0.172
0.1848
0.1288
0.1352
0.1104
0.1264
0.0648
0.0112
0.032
0.0032
0.0192
0.032
0.0624
0.068
0.1
0.0664
0.0592
0.1024
0.132
0.1432
0.1728
0.2424
0.2392
0.2968
0.2768
0.1688
0.176
0.1488
0.1288
0.1328
0.0984
0.1112
0.144
0.1224
0.1784
0.1456
0.1416
0.0688
0.02
0.0096
0.0088
0.0368
0.0152
0.0536
0.0704
0.0856
0.1552
0.2
0.2368
0.2264
0.224
0.1848
0.128
0.1656
0.0992
0.0704
0.0632
0.0232
0.0608
0.1328
0.1496
0.156
0.1992
0.144
0.212
0.2272
0.2624
0.2408
0.2152
0.24
0.2032
0.2288
0.3088
0.3528
0.3544
0.3528
0.42
0.3592
0.388
0.4384
0.4008
0.36
0.4288
0.4728
0.4928
0.5088
0.5624
0.5368
0.5392
0.5112
0.48
0.5232
0.5312
0.4912
0.496
0.4888
0.5024
0.4752
0.5344
0.5
0.4272
0.4232
0.344
0.3728
0.372
0.3216
0.2704
0.1976
0.1752
0.1576
0.1312
0.1224
0.1472
0.0808
0.0264
0.0648
0.0752
0.0344
0.0208
0.0104
0.0096
0.0112
0.0272
0.0376
0.0392
0.1104
0.1392
0.1376
0.1064
0.2096
0.2144
0.2168
0.2112
0.228
0.2448
0.252
0.2536
0.2104
0.1712
0.1864
0.2592
0.3136
0.3504
0.4432
0.4384
0.448
0.4672
0.5224
0.5104
0.4696
0.464
0.44
0.4552
0.452
0.4352
0.4136
0.424
0.4744
0.4472
0.4672
0.5024
0.5016
0.532
0.4552
0.5296
0.5584
0.5352
0.4832
0.4752
0.4328
0.4
0.428
0.4608
0.4632
0.3952
0.3792
0.4064
0.368
0.2832
0.2488
0.1816
0.1408
0.0392
0.012
0.0512
0.068
0.0144
0.0
0.0384
0.016
0.0392
0.0624
0.1352
0.1832
0.1384
0.0752
0.1272
0.16
0.1
0.064
0.0416
0.0768
0.072
0.1136
0.0344
0.0496
0.0336
0.0624
0.012
0.0648
0.0624
0.0456
0.0272
0.0624
0.0784
0.0696
0.02
0.0128
0.032
0.0304
0.0136
0.048
0.0232
0.0488
0.0744
0.112
0.1136
0.0808
0.0872
0.0792
0.1312
0.1376
0.1528
0.124
0.124
0.1432
0.1616
0.136
0.14
0.1072
0.0816
0.0248
0.0536
0.0728
0.0176
0.0632
0.0944
0.0704
0.0024
0.0136
0.0904
0.1216
0.1008
0.1336
0.1392
0.0808
0.0664
0.0208
0.08
0.088
0.0768
0.024
0.0216
0.0392
0.0648
0.0496
0.0
0.0008
0.02
0.0248
0.036
0.0704
0.0432
0.0136
0.0352
0.012
0.0688
0.0888
0.0608
0.0056
0.0272
0.0056
0.0112
0.0304
0.0024
0.036
0.0088
0.0384
0.0408
0.0424
0.0296
0.0352
0.0248
0.076
0.0304
0.0848
0.0608
0.0352
0.0688
0.0744
0.0152
0.0744
0.0768
0.0488
0.1008
0.18
0.2088
0.2568
0.2032
0.1824
0.1936
0.212
0.136
0.1264
0.2104
0.1328
0.1056
0.0408
0.0584
0.0456
0.0192
0.0208
0.0016
0.0064
0.004
0.056
0.0888
0.0352
0.056
0.0592
0.1064
0.172
0.1584
0.1672
0.1672
0.1664
0.2168
0.2216
0.2136
0.16
0.1304
0.0448
0.0608
0.06
0.0224
0.02
0.0768
0.0928
0.0864
0.0312
0.0072
0.0216
0.0816
0.1168
0.0736
0.0048
0.0352
0.0656
0.0656
0.0328
0.0104
0.0264
0.032
0.0536
0.1032
0.0256
0.0472
0.076
0.0616
0.008
0.0208
0.0656
0.1352
0.1752
0.1808
0.1896
0.2216
0.2112
0.2624
0.2128
0.2128
0.2112
0.1336
0.0888
0.0776
0.144
0.1416
0.1528
0.0808
0.1032
0.096
0.1496
0.208
0.164
0.224
0.2288
0.3272
0.2824
0.2136
0.2664
0.32
0.2768
0.2296
0.2248
0.1712
0.156
0.144
0.0936
0.076
0.0552
0.048
0.0592
0.0552
0.064
0.0696
0.0368
0.0568
0.0832
0.092
0.1048
0.0688
0.0584
0.032
0.0128
0.0176
0.068
0.0592
0.084
0.1416
0.1432
0.1848
0.208
0.2096
0.1832
0.148
0.12
0.1632
0.1472
0.1392
0.0704
0.0096
0.0296
0.0064
0.0248
0.0296
0.0768
0.06
0.0024
0.0248
0.04
0.0696
0.04
0.0712
0.0568
0.0256
0.0112
0.028
0.02
0.0584
0.0248
0.0184
0.028
0.0232
0.0168
0.0312
0.0144
0.0208
0.0512
0.0608
0.148
0.1264
0.1544
0.116
0.1632
0.1296
0.0248
0.0456
0.0312
0.0512
0.0744
0.0352
0.0488
0.0872
0.0856
0.0136
0.0136
0.0416
0.0536
0.0136
0.0224
0.0024
0.0288
0.0416
0.1408
0.1504
0.1096
0.0704
0.0592
0.0312
0.0688
0.02
0.0016
0.0176
0.0584
0.0752
0.0568
0.0688
0.0552
0.136
0.0472
0.0152
0.016
0.024
0.0392
0.1024
0.048
0.0872
0.0696
0.0112
0.0184
0.0632
0.0792
0.1176
0.1192
0.1152
0.092
0.056
0.024
0.0624
0.0032
0.004
0.0208
0.04
0.0296
0.068
0.0896
0.1056
0.1336
0.112
0.0824
0.0912
0.1072
0.148
0.188
0.204
0.204
0.1888
0.1568
0.1584
0.1584
0.2368
0.1224
0.1488
0.1552
0.1224
0.1192
0.1352
0.1352
0.1752
0.1816
0.1776
0.1544
0.216
0.1816
0.144
0.0936
0.0304
0.0328
0.016
0.0248
0.04
0.0248
0.0192
0.0688
0.0616
0.032
0.0
0.0304
0.0736
0.0248
0.0168
0.0264
0.028
0.0376
0.0264
0.0264
0.0352
0.1192
0.112
0.1096
0.0672
0.0768
0.036
0.0648
0.0424
0.008
0.0272
0.024
0.0624
0.0432
0.0152
0.0048
0.0008
0.004
0.0112
0.0336
0.1056
0.0752
0.1032
0.0816
0.0384
0.0888
0.0888
0.1096
0.108
0.0944
0.1112
0.0488
0.0008
0.0056
0.0208
0.0352
0.0272
0.0624
0.0512
0.08
0.0664
0.1104
0.0576
0.036
0.0256
0.0152
0.0112
0.0368
0.0968
0.1728
0.2056
0.16
0.1408
0.1576
0.0504
0.0312
0.0192
0.0488
0.08
0.12
0.1672
0.1568
0.16
0.1056
0.0944
0.152
0.0712
0.0048
0.0048
0.012
0.0064
0.0176
0.024
0.0856
0.0824
0.144
0.0952
0.0744
0.0952
0.0192
0.076
0.0256
0.088
0.116
0.1072
0.0648
0.0328
0.024
0.012
0.0312
0.0768
0.0152
0.0432
0.0056
0.0224
0.0048
0.0104
0.0288
0.0864
0.0456
0.0408
0.044
0.04
0.0264
0.0184
0.0088
0.0888
0.152
0.1272
0.1456
0.1256
0.116
0.144
0.1528
0.1368
0.1256
0.172
0.1784
0.16
0.12
0.1336
0.112
0.0456
0.0584
