0.3310546875
0.3310546875
0.31787109375
0.326171875
0.3369140625
0.36083984375
0.35107421875
0.3759765625
0.3955078125
0.3935546875
0.3876953125
0.41748046875
0.41552734375
0.39599609375
0.37548828125
0.3828125
0.4130859375
0.41796875
0.42822265625
0.41650390625
0.36572265625
0.353515625
0.349609375
0.3828125
0.36328125
0.34716796875
0.31591796875
0.36279296875
0.3984375
0.40185546875
0.34765625
0.34326171875
0.38525390625
0.36328125
0.380859375
0.3681640625
0.38916015625
0.42626953125
0.43212890625
0.4287109375
0.43310546875
0.4033203125
0.4248046875
0.44921875
0.43212890625
0.49267578125
0.5234375
0.56494140625
0.6103515625
0.56494140625
0.5810546875
0.5908203125
0.587890625
0.60888671875
0.6005859375
0.62841796875
0.63134765625
0.64990234375
0.66064453125
0.6708984375
0.6572265625
0.6259765625
0.673828125
0.6943359375
0.66748046875
0.6767578125
0.68798828125
0.65380859375
0.6748046875
0.64306640625
0.68017578125
0.69189453125
0.6826171875
0.69775390625
0.65966796875
0.68994140625
0.703125
0.685546875
0.68408203125
0.64208984375
0.62939453125
0.65283203125
0.66552734375
0.697265625
0.6484375
0.67822265625
0.6572265625
0.6455078125
0.68359375
0.70556640625
0.71044921875
0.71142578125
0.7001953125
0.693359375
0.6513671875
0.6298828125
0.6376953125
0.623046875
0.61767578125
0.61767578125
0.609375
0.580078125
0.580078125
0.6015625
0.58251953125
0.53271484375
0.55419921875
0.58203125
0.56787109375
0.59423828125
0.56396484375
0.52099609375
0.4794921875
0.4375
0.4716796875
0.48583984375
0.44677734375
0.44091796875
0.4697265625
0.515625
0.53076171875
0.58447265625
0.55712890625
0.59130859375
0.5771484375
0.60888671875
0.59423828125
0.59423828125
0.611328125
0.58740234375
0.55419921875
0.57373046875
0.564453125
0.5751953125
0.57080078125
0.55029296875
0.5625
0.58544921875
0.59228515625
0.5849609375
0.5751953125
0.58642578125
0.6162109375
0.6396484375
0.63720703125
0.63232421875
0.638671875
0.64013671875
0.6162109375
0.64404296875
0.6298828125
0.62109375
0.60302734375
0.61328125
0.6181640625
0.6162109375
0.58447265625
0.509765625
0.4658203125
0.466796875
0.50048828125
0.5029296875
0.4912109375
0.47607421875
0.482421875
0.4814453125
0.4619140625
0.46435546875
0.4560546875
0.419921875
0.41259765625
0.451171875
0.462890625
0.4169921875
0.41259765625
0.39111328125
0.36083984375
0.34375
0.34765625
0.32666015625
0.34423828125
0.3828125
0.40087890625
0.44970703125
0.44482421875
0.46337890625
0.509765625
0.4970703125
0.490234375
0.54443359375
0.56494140625
0.583984375
0.56103515625
0.6181640625
0.65771484375
0.6650390625
0.64794921875
0.6259765625
0.61328125
0.56640625
0.5859375
0.60791015625
0.5908203125
0.57958984375
0.59912109375
0.6015625
0.595703125
0.564453125
0.5595703125
0.5712890625
0.53955078125
0.51025390625
0.53857421875
0.52880859375
0.578125
0.57763671875
0.6044921875
0.59521484375
0.58203125
0.55029296875
0.53515625
0.54150390625
0.54248046875
0.54052734375
0.53076171875
0.556640625
0.5478515625
0.56005859375
0.53759765625
0.55224609375
0.57275390625
0.57861328125
0.5732421875
0.5712890625
0.58203125
0.568359375
0.5859375
0.603515625
0.59716796875
0.54931640625
0.52197265625
0.5263671875
0.55615234375
0.53662109375
0.57568359375
0.50830078125
0.49365234375
0.49853515625
0.50341796875
0.53271484375
0.54345703125
0.5712890625
0.5478515625
0.5625
0.537109375
0.564453125
0.560546875
0.580078125
0.59033203125
0.60546875
0.599609375
0.59521484375
0.5654296875
0.564453125
0.5625
0.58056640625
0.56396484375
0.61767578125
0.57763671875
0.57080078125
0.53076171875
0.5732421875
0.58349609375
0.57861328125
0.53662109375
0.560546875
0.54345703125
0.5400390625
0.5302734375
0.533203125
0.5
0.4736328125
0.46728515625
0.46923828125
0.4501953125
0.42236328125
0.431640625
0.4853515625
0.47265625
0.453125
0.46826171875
0.474609375
0.49951171875
0.50732421875
0.52099609375
0.498046875
0.4501953125
0.421875
0.42041015625
0.4619140625
0.4482421875
0.46533203125
0.4833984375
0.4892578125
0.4072265625
0.43603515625
0.4384765625
0.43701171875
0.419921875
0.48095703125
0.490234375
0.50439453125
0.4990234375
0.52880859375
0.48828125
0.529296875
0.50537109375
0.546875
0.59228515625
0.5771484375
0.5751953125
0.5859375
0.58154296875
0.544921875
0.54345703125
0.5546875
0.58740234375
0.5810546875
0.55859375
0.52978515625
0.548828125
0.5498046875
0.56396484375
0.59130859375
0.5693359375
0.53369140625
0.52392578125
0.54931640625
0.5263671875
0.50732421875
0.50927734375
0.53515625
0.56005859375
0.56298828125
0.52294921875
0.52783203125
0.5009765625
0.51513671875
0.50146484375
0.4931640625
0.47314453125
0.4873046875
0.52978515625
0.5185546875
0.521484375
0.5390625
0.537109375
0.51171875
0.5595703125
0.576171875
0.5302734375
0.50146484375
0.51953125
0.51025390625
0.49365234375
0.458984375
0.4853515625
0.509765625
0.53857421875
0.5419921875
0.5439453125
0.5556640625
0.54833984375
0.529296875
0.55126953125
0.5615234375
0.5166015625
0.46826171875
0.46826171875
0.46435546875
0.5087890625
0.49658203125
0.47412109375
0.46142578125
0.50634765625
0.5458984375
0.53662109375
0.5126953125
0.54248046875
0.5205078125
0.52978515625
0.53564453125
0.53076171875
0.5224609375
0.5146484375
0.47119140625
0.4677734375
0.43994140625
0.46875
0.48193359375
0.48583984375
0.490234375
0.50146484375
0.5517578125
0.53173828125
0.4912109375
0.498046875
0.47265625
0.5
0.51171875
0.5126953125
0.49609375
0.47265625
0.45703125
0.44970703125
0.4384765625
0.3828125
0.36328125
0.37060546875
0.40380859375
0.4228515625
0.39013671875
0.373046875
0.36376953125
0.408203125
0.4150390625
0.40869140625
0.41650390625
0.45166015625
0.46337890625
0.501953125
0.55126953125
0.55078125
0.5146484375
0.5146484375
0.5224609375
0.560546875
0.58154296875
0.61865234375
0.587890625
0.580078125
0.56982421875
0.5810546875
0.5791015625
0.58642578125
0.6015625
0.56298828125
0.54833984375
0.5341796875
0.544921875
0.5302734375
0.548828125
0.578125
0.56396484375
0.5673828125
0.56298828125
0.51904296875
0.51025390625
0.50634765625
0.51513671875
0.60595703125
0.59521484375
0.595703125
0.57080078125
0.5869140625
0.5869140625
0.568359375
0.59619140625
0.59130859375
0.61376953125
0.634765625
0.68505859375
0.6953125
0.662109375
0.6943359375
0.68359375
0.65869140625
0.66650390625
0.662109375
0.6572265625
0.6767578125
0.68994140625
0.708984375
0.71337890625
0.708984375
0.7216796875
0.74365234375
0.71533203125
0.71435546875
0.71435546875
0.671875
0.65966796875
0.6455078125
0.60693359375
0.552734375
0.52880859375
0.537109375
0.53564453125
0.4853515625
0.52001953125
0.53564453125
0.49853515625
0.49267578125
0.494140625
0.4931640625
0.4951171875
0.498046875
0.52294921875
0.50341796875
0.517578125
0.5244140625
0.56201171875
0.5556640625
0.53955078125
0.51416015625
0.5185546875
0.51953125
0.48388671875
0.5078125
0.50146484375
0.46923828125
0.4638671875
0.45166015625
0.47607421875
0.44580078125
0.43505859375
0.42626953125
0.43359375
0.4501953125
0.474609375
0.455078125
0.42822265625
0.400390625
0.42822265625
0.4306640625
0.42578125
0.419921875
0.39453125
0.38330078125
0.39599609375
0.34423828125
0.38330078125
0.388671875
0.42626953125
0.43212890625
0.40478515625
0.39453125
0.34765625
0.337890625
0.3212890625
0.37744140625
0.4033203125
0.400390625
0.41845703125
0.4248046875
0.44091796875
0.45166015625
0.4775390625
0.47607421875
0.49658203125
0.48779296875
0.46484375
0.458984375
0.3662109375
0.34423828125
0.396484375
0.43994140625
0.45361328125
0.44189453125
0.427734375
0.4140625
0.39990234375
0.3701171875
0.33984375
0.32568359375
0.35009765625
0.30712890625
0.34228515625
0.369140625
0.3603515625
0.33203125
0.30908203125
0.3505859375
0.39794921875
0.42919921875
0.41162109375
0.38720703125
0.37939453125
0.38671875
0.3701171875
0.38330078125
0.37353515625
0.40966796875
0.43310546875
0.4169921875
0.43359375
0.4326171875
0.4404296875
0.435546875
0.48388671875
0.4970703125
0.5341796875
0.51953125
0.517578125
0.51025390625
0.51806640625
0.513671875
0.50146484375
0.5087890625
0.4873046875
0.50390625
0.51171875
0.54150390625
0.4990234375
0.48779296875
0.51025390625
0.51708984375
0.5380859375
0.52001953125
0.52734375
0.53955078125
0.53564453125
0.56201171875
0.55078125
0.55419921875
0.546875
0.5498046875
0.4912109375
0.470703125
0.462890625
0.47119140625
0.453125
0.435546875
0.44775390625
0.41162109375
0.44677734375
0.447265625
0.48388671875
0.427734375
0.42431640625
0.4296875
0.43310546875
0.45361328125
0.427734375
0.404296875
0.41259765625
0.41015625
0.443359375
0.4482421875
0.45166015625
0.43505859375
0.46044921875
0.4580078125
0.44970703125
0.46484375
0.4833984375
0.447265625
0.4736328125
0.4521484375
0.39013671875
0.41162109375
0.41943359375
0.3740234375
0.4541015625
0.42236328125
0.41162109375
0.46533203125
0.515625
0.54248046875
0.57177734375
0.55712890625
0.5859375
0.5771484375
0.5859375
0.5703125
0.56640625
0.56884765625
0.5341796875
0.5205078125
0.51220703125
0.509765625
0.5439453125
0.55419921875
0.5751953125
0.6015625
0.62939453125
0.61474609375
0.61669921875
0.65625
0.6474609375
0.6044921875
0.61572265625
0.61083984375
0.59912109375
0.58984375
0.58251953125
0.5947265625
0.57763671875
0.60791015625
0.6044921875
0.59619140625
0.5927734375
0.64306640625
0.62939453125
0.642578125
0.623046875
0.646484375
0.66259765625
0.6640625
0.65283203125
0.63720703125
0.65771484375
0.66650390625
0.658203125
0.67138671875
0.63720703125
0.6640625
0.60205078125
0.59033203125
0.64501953125
0.58642578125
0.599609375
0.5576171875
0.552734375
0.51953125
0.54443359375
0.54296875
0.57177734375
0.564453125
0.59619140625
0.62255859375
0.646484375
0.64306640625
0.63623046875
0.60546875
0.59814453125
0.583984375
0.55126953125
0.5703125
0.578125
0.52099609375
0.49658203125
0.44970703125
0.41357421875
0.4130859375
0.43408203125
0.40625
0.384765625
0.400390625
0.38232421875
0.349609375
0.33251953125
0.31494140625
0.3427734375
0.2890625
0.24853515625
0.24560546875
0.2353515625
0.22705078125
0.25341796875
0.27880859375
0.2568359375
0.23193359375
0.2294921875
0.24072265625
0.2958984375
0.33056640625
0.28759765625
0.22802734375
0.20556640625
0.2001953125
0.17919921875
0.17333984375
0.19580078125
0.18798828125
0.1455078125
0.171875
0.14697265625
0.16552734375
0.18359375
0.232421875
0.26123046875
0.27001953125
0.2587890625
0.24609375
0.2880859375
0.294921875
0.2890625
0.2412109375
0.27001953125
0.26513671875
0.25732421875
0.25830078125
0.25146484375
0.216796875
0.2021484375
0.19140625
0.201171875
0.1845703125
0.17919921875
0.18115234375
0.201171875
0.197265625
0.1923828125
0.18310546875
0.1904296875
0.23779296875
0.23046875
0.20068359375
0.2119140625
0.19677734375
0.24609375
0.28955078125
0.259765625
0.26318359375
0.2138671875
0.2138671875
0.2568359375
0.24658203125
0.3037109375
0.29052734375
0.265625
0.251953125
0.2548828125
0.2353515625
0.22021484375
0.2255859375
0.2587890625
0.24658203125
0.240234375
0.2119140625
0.21142578125
0.21630859375
0.2099609375
0.16748046875
0.138671875
0.14697265625
0.12841796875
0.14404296875
0.18212890625
0.18603515625
0.228515625
0.234375
0.26904296875
0.24609375
0.27294921875
0.29638671875
0.28955078125
0.27685546875
0.326171875
0.34814453125
0.33544921875
0.3203125
0.28759765625
0.2763671875
0.32177734375
0.29296875
0.2734375
0.27783203125
0.2607421875
0.232421875
0.21484375
0.177734375
0.17919921875
0.15625
0.1396484375
0.17041015625
0.14501953125
0.1064453125
0.162109375
0.22509765625
0.22705078125
0.2265625
0.21630859375
0.26416015625
0.28515625
0.29931640625
0.3115234375
0.265625
0.22412109375
0.2119140625
0.24072265625
0.2666015625
0.2509765625
0.28759765625
0.27783203125
0.24609375
0.24560546875
0.31103515625
0.3359375
0.30126953125
0.34375
0.3505859375
0.3212890625
0.35107421875
0.3369140625
0.32568359375
0.328125
0.29443359375
0.2294921875
0.23583984375
0.26416015625
0.314453125
0.34814453125
0.40087890625
0.36376953125
0.35595703125
0.3330078125
0.328125
0.34521484375
0.353515625
0.33203125
0.3125
0.3095703125
0.29736328125
0.2978515625
0.28271484375
0.30908203125
0.34716796875
0.33935546875
0.3251953125
0.31103515625
0.3154296875
0.2880859375
0.28125
0.2548828125
0.27197265625
0.2998046875
0.28076171875
0.27001953125
0.29541015625
0.31982421875
0.31640625
0.27978515625
0.2509765625
0.21923828125
0.20361328125
0.2197265625
0.23095703125
0.27685546875
0.27294921875
0.27197265625
0.2783203125
0.26806640625
0.3125
0.30126953125
0.29833984375
0.28662109375
0.26904296875
0.25390625
0.28955078125
0.287109375
0.302734375
0.2958984375
0.36474609375
0.3955078125
0.365234375
0.37646484375
0.3359375
0.3837890625
0.35498046875
0.3291015625
0.33642578125
0.3486328125
0.3583984375
0.30810546875
0.2802734375
0.31640625
0.294921875
0.251953125
0.23046875
0.20751953125
0.173828125
0.18115234375
0.1806640625
0.16796875
0.16357421875
0.2060546875
0.16259765625
0.1728515625
0.11181640625
0.1142578125
0.134765625
0.12158203125
0.1162109375
0.115234375
0.09228515625
0.05029296875
0.05126953125
0.078125
0.0625
0.08984375
0.119140625
0.14501953125
0.12646484375
0.1123046875
0.16650390625
0.16845703125
0.216796875
0.18115234375
