0.4784
0.4704
0.5032
0.5192
0.4808
0.484
0.4968
0.5248
0.5424
0.5144
0.5496
0.5528
0.5904
0.5872
0.596
0.544
0.5712
0.596
0.652
0.6184
0.5864
0.6192
0.596
0.64
0.6288
0.6272
0.5984
0.5792
0.5688
0.6288
0.6256
0.5808
0.5544
0.5888
0.5296
0.4928
0.4592
0.4168
0.4176
0.368
0.392
0.3792
0.3992
0.4328
0.4144
0.416
0.4736
0.4816
0.4224
0.384
0.4112
0.4296
0.4328
0.38
0.396
0.4528
0.4792
0.4896
0.428
0.408
0.4424
0.4648
0.4912
0.4952
0.4968
0.5256
0.5384
0.5624
0.5584
0.5104
0.5176
0.5168
0.5424
0.568
0.6072
0.5992
0.6208
0.5712
0.5936
0.5528
0.5808
0.5472
0.56
0.532
0.4936
0.4952
0.5216
0.5672
0.5352
0.4584
0.4952
0.5208
0.5768
0.5504
0.5432
0.5416
0.5344
0.6008
0.5992
0.5888
0.5624
0.5432
0.5712
0.5328
0.5632
0.5648
0.6096
0.6216
0.5704
0.5984
0.6376
0.6576
0.6528
0.6288
0.6096
0.6312
0.6032
0.5384
0.5376
0.5176
0.5192
0.5016
0.4824
0.4224
0.4352
0.4136
0.3352
0.3616
0.324
0.3112
0.3184
0.3488
0.4184
0.4664
0.456
0.448
0.4656
0.4672
0.4648
0.4704
0.4472
0.4648
0.4448
0.428
0.4392
0.5184
0.496
0.4888
0.4792
0.4544
0.4552
0.3776
0.348
0.2904
0.3168
0.288
0.316
0.3176
0.2928
0.2656
0.2688
0.1816
0.1568
0.1488
0.2016
0.1928
0.128
0.0536
0.0448
0.0736
0.088
0.1096
0.0752
0.096
0.0624
0.0872
0.0464
0.0376
0.0144
0.0472
0.0824
0.1112
0.0944
0.1016
0.1176
0.0768
0.1016
0.0616
0.0632
0.0056
0.0576
0.092
0.1024
0.0784
0.088
0.084
0.1072
0.088
0.0576
0.0664
0.084
0.0856
0.0944
0.1448
0.1688
0.1576
0.1568
0.1856
0.1752
0.1424
0.1912
0.172
0.0984
0.1384
0.1424
0.1512
0.1408
0.144
0.108
0.1368
0.1256
0.096
0.096
0.0968
0.0536
0.0336
0.0616
0.0248
0.0456
0.0688
0.0304
0.0016
0.0112
0.0128
0.0408
0.0112
0.0056
0.0104
0.0208
0.04
0.0664
0.0392
0.0032
0.0072
0.0472
0.0376
0.02
0.02
0.0168
0.024
0.004
0.0616
0.0456
0.0304
0.0008
0.0528
0.1168
0.1208
0.1664
0.152
0.1816
0.1792
0.0976
0.1192
0.1728
0.2112
0.2392
0.2704
0.2552
0.2928
0.26
0.2776
0.316
0.3776
0.3832
0.3456
0.3328
0.3152
0.2792
0.276
0.3192
0.344
0.3304
0.3128
0.3456
0.3608
0.372
0.4008
0.3928
0.4696
0.484
0.4688
0.444
0.4504
0.4232
0.4128
0.4032
0.4264
0.3832
0.4352
0.4512
0.4576
0.4616
0.4824
0.4864
0.444
0.3928
0.3824
0.3808
0.3784
0.4152
0.408
0.4528
0.4368
0.4608
0.5312
0.5512
0.548
0.564
0.5448
0.5256
0.5312
0.54
0.5136
0.5112
0.5304
0.5744
0.5464
0.544
0.5264
0.5024
0.4872
0.5696
0.5752
0.5792
0.5704
0.5864
0.5832
0.616
0.572
0.5504
0.5592
0.6008
0.5608
0.584
0.5952
0.6152
0.5496
0.544
0.6192
0.6304
0.6712
0.6536
0.644
0.6712
0.6424
0.6344
0.6104
0.5872
0.5408
0.528
0.5624
0.5352
0.56
0.5864
0.5072
0.4864
0.5008
0.5112
0.3888
0.3448
0.3512
0.42
0.4136
0.4528
0.4544
0.4432
0.4
0.4312
0.4648
0.4384
0.456
0.4688
0.4648
0.4248
0.4496
0.4472
0.4752
0.3896
0.3888
0.3432
0.3024
0.336
0.2784
0.3464
0.3616
0.3752
0.3888
0.412
0.4376
0.452
0.4424
0.4728
0.5072
0.4984
0.4856
0.4392
0.4416
0.3944
0.3296
0.3168
0.2432
0.2872
0.2736
0.248
0.32
0.2664
0.2896
0.3056
0.3496
0.3608
0.3656
0.3608
0.3312
0.3496
0.3688
0.4648
0.48
0.4416
0.4832
0.4992
0.5256
0.576
0.576
0.5912
0.6096
0.6144
0.6112
0.648
0.6424
0.6064
0.64
0.604
0.652
0.6064
0.4952
0.4864
0.504
0.5032
0.464
0.4992
0.4616
0.4432
0.4736
0.436
0.424
0.4152
0.4
0.4456
0.4168
0.4344
0.4384
0.416
0.4208
0.448
0.4024
0.3952
0.3864
0.3856
0.4056
0.3592
0.384
0.3896
0.4232
0.4296
0.4208
0.4168
0.3816
0.3832
0.3528
0.3368
0.3088
0.2952
0.1888
0.2136
0.2088
0.196
0.2184
0.2424
0.2256
0.2256
0.276
0.2984
0.2808
0.2696
0.1752
0.192
0.196
0.1792
0.2152
0.2752
0.2592
0.2552
0.2168
0.1936
0.2552
0.2184
0.2192
0.2656
0.2952
0.2888
0.3016
0.2496
0.2416
0.2736
0.2672
0.2784
0.2424
0.2288
0.2136
0.236
0.1832
0.1688
0.1472
0.16
0.2
0.264
0.2968
0.276
0.3104
0.3152
0.3064
0.2432
0.2536
0.2328
0.1992
0.156
0.1496
0.1624
0.1856
0.1904
0.188
0.1984
0.2408
0.2344
0.2992
0.3648
0.3912
0.3664
0.3216
0.2768
0.2464
0.1984
0.148
0.096
0.0904
0.056
0.0736
0.096
0.0448
0.0144
0.0432
0.0872
0.0688
0.1152
0.0568
0.072
0.068
0.1144
0.08
0.0888
0.1504
0.156
0.1248
0.1088
0.092
0.1176
0.1128
0.0952
0.06
0.0064
0.0088
0.0024
0.0448
0.156
0.1392
0.0704
0.0824
0.064
0.0688
0.0888
0.0616
0.0816
0.084
0.1456
0.1312
0.1488
0.1592
0.1656
0.1608
0.18
0.1392
0.2152
0.144
0.1688
0.1696
0.1168
0.1112
0.0384
0.0672
0.048
0.0648
0.0824
0.0576
0.04
0.0704
0.0416
0.0624
0.116
0.1104
0.0624
0.024
0.0024
0.0248
0.0432
0.0568
0.1288
0.1576
0.1608
0.1368
0.1168
0.176
0.2136
0.2264
0.2352
0.1768
0.1736
0.2024
0.2128
0.2072
0.1304
0.1376
0.16
0.1816
0.2184
0.2192
0.1888
0.184
0.2248
0.2128
0.2584
0.2504
0.2432
0.2688
0.1976
0.2504
0.2224
0.236
0.2256
0.1912
0.2088
0.1768
0.1984
0.152
0.0968
0.088
0.1016
0.0848
0.0552
0.0664
0.0752
0.0904
0.0248
0.0336
0.036
0.0464
0.0136
0.02
0.0248
0.0432
0.0264
0.012
0.0024
0.0264
0.06
0.0704
0.1088
0.0592
0.0496
0.0416
0.0496
0.028
0.0408
0.0808
0.1008
0.1368
0.2232
0.2824
0.3344
0.3984
0.3288
0.3464
0.3384
0.2928
0.3064
0.3544
0.34
0.34
0.3072
0.252
0.2352
0.184
0.2056
0.2072
0.2328
0.2
0.1784
0.1936
0.18
0.2048
0.1656
0.1616
0.1376
0.1424
0.1248
0.2016
0.1408
0.1608
0.1496
0.0792
0.0664
0.0216
0.064
0.0792
0.02
0.0464
0.0232
0.0024
0.0536
0.0024
0.0408
0.0512
0.0816
0.1072
0.1424
0.1232
0.0576
0.0528
0.0408
0.0376
0.02
0.012
0.0032
0.0008
0.008
0.0816
0.028
0.0152
0.0136
0.0488
0.0728
0.1096
0.1568
0.1896
0.22
0.18
0.184
0.2008
0.1576
0.152
0.164
0.1632
0.1392
0.0912
0.1248
0.1008
0.1208
0.1352
0.144
0.1768
0.216
0.2872
0.3056
0.2864
0.276
0.26
0.2272
0.2144
0.204
0.2304
0.2744
0.2592
0.232
0.2552
0.2968
0.324
0.2768
0.2576
0.1952
0.2864
0.276
0.2632
0.2712
0.3312
0.3016
0.32
0.296
0.3096
0.292
0.2088
0.212
0.1744
0.1928
0.224
0.2776
0.3392
0.3616
0.4072
0.412
0.412
0.4544
0.4704
0.4344
0.4072
0.4048
0.4224
0.4704
0.4504
0.4512
0.472
0.4632
0.4736
0.5144
0.5552
0.6
0.6008
0.5704
0.5752
0.5616
0.5816
0.5856
0.5672
0.5984
0.5296
0.4936
0.4704
0.4008
0.3832
0.404
0.4624
0.3976
0.3976
0.3968
0.4696
0.5088
0.5008
0.5552
0.5272
0.5176
0.596
0.6064
0.6184
0.6344
0.5592
0.5952
0.6024
0.588
0.5472
0.6072
0.644
0.6496
0.6024
0.564
0.5568
0.5488
0.5328
0.5656
0.5992
0.5928
0.6336
0.6616
0.6248
0.6016
0.6072
0.6032
0.6496
0.6552
0.6608
0.6464
0.656
0.644
0.6168
0.6224
0.5912
0.5856
0.5512
0.5864
0.6208
0.58
0.64
0.6664
0.7216
0.7056
0.6824
0.6584
0.6664
0.6776
0.664
0.6648
0.7024
0.684
0.7152
0.6928
0.6888
0.6632
0.6736
0.6616
0.6376
0.6352
0.6208
0.6752
0.6576
0.7168
0.68
0.656
0.6376
0.6464
0.6024
0.6456
0.6384
0.6072
0.5736
0.6112
0.5504
0.5688
0.5672
0.5728
0.5576
0.5944
0.588
0.624
0.5984
0.5968
0.6048
0.64
0.5832
0.5272
0.524
0.5704
0.636
0.664
0.6576
0.644
0.6256
0.628
0.6104
0.6464
0.6008
0.5928
0.6272
0.6064
0.6232
0.5856
0.5504
0.5304
0.548
0.5504
0.5312
0.496
0.4864
0.4728
0.4432
0.38
0.3536
0.3376
0.3336
0.3376
0.3624
0.3544
0.368
0.3872
0.4448
0.4336
0.452
0.4856
0.4536
0.4584
0.4568
0.4184
0.3936
0.3824
0.3936
0.3688
0.3784
0.3928
0.4272
0.4416
0.4184
0.4008
0.3656
