0.7216
0.6832
0.7304
0.7
0.7448
0.736
0.7504
0.7576
0.7288
0.7536
0.752
0.7544
0.792
0.78
0.7912
0.8152
0.8144
0.824
0.764
0.756
0.796
0.7912
0.7904
0.8136
0.7696
0.7648
0.7696
0.76
0.7984
0.804
0.8312
0.7856
0.752
0.7584
0.7256
0.7616
0.7536
0.7896
0.7976
0.8064
0.748
0.7216
0.7008
0.7016
0.708
0.6696
0.7136
0.688
0.6688
0.6392
0.616
0.5816
0.5632
0.5696
0.6576
0.6288
0.6712
0.6904
0.6856
0.7064
0.6688
0.656
0.6672
0.6096
0.6184
0.6136
0.644
0.6144
0.6048
0.588
0.5888
0.5808
0.6064
0.6296
0.6896
0.684
0.6712
0.7208
0.7344
0.7016
0.6896
0.6984
0.7136
0.716
0.6632
0.644
0.6824
0.6752
0.7
0.664
0.704
0.7168
0.6728
0.664
0.6912
0.6472
0.6312
0.6064
0.568
0.5696
0.5992
0.6344
0.6424
0.6392
0.6264
0.5944
0.6584
0.7056
0.672
0.6472
0.6368
0.668
0.6752
0.632
0.6152
0.616
0.552
0.5896
0.5712
0.5864
0.5512
0.54
0.5472
0.6104
0.6448
0.672
0.7032
0.7464
0.7528
0.7472
0.7288
0.7296
0.6984
0.7064
0.7192
0.732
0.6944
0.7056
0.6792
0.7032
0.7136
0.752
0.7632
0.7464
0.7464
0.7096
0.692
0.7
0.716
0.7776
0.7256
0.7008
0.7168
0.6896
0.7216
0.7088
0.7288
0.7512
0.7368
0.7072
0.6688
0.7032
0.6952
0.7264
0.6752
0.6744
0.676
0.6784
0.6656
0.5592
0.5208
0.5736
0.5224
0.556
0.6008
0.6064
0.692
0.6528
0.6432
0.6576
0.7136
0.7016
0.712
0.7616
0.6952
0.688
0.7512
0.7288
0.7136
0.6816
0.6608
0.6736
0.64
0.628
0.6416
0.6368
0.6536
0.6192
0.6128
0.616
0.6128
0.6248
0.6104
0.6328
0.644
0.6136
0.632
0.608
0.6016
0.6
0.6056
0.6128
0.6136
0.6288
0.6072
0.6056
0.5552
0.5368
0.5584
0.5856
0.652
0.6528
0.6248
0.6432
0.6336
0.6376
0.6232
0.68
0.7216
0.7432
0.7168
0.7304
0.7072
0.7208
0.7112
0.7544
0.7432
0.7224
0.7272
0.7568
0.7496
0.7248
0.7176
0.7096
0.7128
0.7128
0.6912
0.7248
0.756
0.7536
0.7448
0.7544
0.7576
0.7
0.6872
0.6976
0.7528
0.7816
0.7952
0.7656
0.7464
0.7344
0.7176
0.6744
0.6952
0.716
0.7256
0.7264
0.7088
0.7272
0.7432
0.716
0.72
0.7064
0.7104
0.6664
0.6776
0.704
0.6328
0.6336
0.5912
0.572
0.6288
0.6328
0.6064
0.6192
0.6512
0.6584
0.6816
0.6152
0.5896
0.624
0.5728
0.6056
0.58
0.58
0.5776
0.5784
0.5728
0.568
0.5336
0.4976
0.4448
0.4728
0.4376
0.4144
0.3848
0.452
0.4224
0.4144
0.4352
0.4024
0.3808
0.3504
0.3056
0.3048
0.3496
0.3112
0.2592
0.2064
0.2384
0.2104
0.2704
0.2536
0.2808
0.3472
0.3344
0.3144
0.2968
0.2624
0.2536
0.2936
0.2832
0.292
0.376
0.3872
0.344
0.3408
0.3024
0.3408
0.2832
0.292
0.3032
0.3248
0.3488
0.3696
0.348
0.3392
0.2848
0.2712
0.2768
0.252
0.272
0.2568
0.2552
0.26
0.2904
0.2544
0.2688
0.3112
0.3152
0.3808
0.3392
0.3248
0.2416
0.2528
0.264
0.2384
0.2624
0.2536
0.2816
0.2552
0.2504
0.2176
0.2
0.188
0.1944
0.1984
0.2104
0.1728
0.1368
0.0736
0.1064
0.0768
0.0648
0.012
0.0072
0.0056
0.1072
0.1096
0.0984
0.152
0.152
0.1904
0.1864
0.2008
0.2128
0.2176
0.1976
0.2
0.2152
0.1864
0.1864
0.22
0.2168
0.2288
0.2632
0.2288
0.2272
0.2288
0.1936
0.1576
0.18
0.1744
0.1576
0.152
0.1536
0.1384
0.1008
0.1672
0.1408
0.1856
0.1432
0.1328
0.1328
0.112
0.1472
0.1496
0.1384
0.1808
0.1752
0.1952
0.2088
0.2136
0.2264
0.2064
0.2232
0.2504
0.2464
0.2608
0.2272
0.2592
0.3312
0.3
0.2928
0.3264
0.352
0.3744
0.3104
0.264
0.2632
0.2376
0.1984
0.1776
0.2288
0.2728
0.252
0.2592
0.2344
0.3024
0.3
0.3056
0.2792
0.2704
0.2688
0.2632
0.2208
0.2296
0.2664
0.2624
0.2656
0.2808
0.288
0.3152
0.2816
0.2728
0.2712
0.2912
0.3136
0.3472
0.308
0.2832
0.2336
0.2368
0.1928
0.1736
0.1696
0.1616
0.1864
0.2104
0.1888
0.14
0.1312
0.1672
0.1512
0.14
0.1752
0.1184
0.12
0.1016
0.0576
0.0024
0.0288
0.0368
0.0584
0.0512
0.0464
0.0096
0.0328
0.0128
0.0472
0.1024
0.1032
0.0312
0.0464
0.0632
0.0688
0.0496
0.0256
0.0416
0.0216
0.0024
0.0096
0.024
0.0128
0.052
0.0576
0.092
0.0696
0.0184
0.0112
0.024
0.008
0.0096
0.0128
0.064
0.052
0.0968
0.0976
0.076
0.1112
0.0656
0.1064
0.1704
0.1368
0.0992
0.1112
0.128
0.1584
0.1672
0.2008
0.2232
0.2328
0.2552
0.2744
0.2912
0.28
0.28
0.2952
0.2864
0.3224
0.368
0.3864
0.3896
0.4472
0.4416
0.4752
0.4952
0.4656
0.4464
0.4128
0.3856
0.3552
0.3288
0.32
0.3504
0.4048
0.4248
0.4184
0.428
0.4192
0.4104
0.4208
0.4312
0.4096
0.4024
0.3784
0.3656
0.3696
0.3984
0.3408
0.4024
0.4032
0.412
0.432
0.4584
0.4656
0.4984
0.5328
0.568
0.5416
0.5792
0.5704
0.544
0.5368
0.4768
0.3984
0.3712
0.3912
0.4536
0.4288
0.4008
0.3296
0.2864
0.2496
0.2584
0.2824
0.3
0.2504
0.2176
0.176
0.2272
0.2544
0.2344
0.2672
0.2416
0.2232
0.2224
0.2376
0.22
0.1696
0.2248
0.2256
0.1792
0.2208
0.2608
0.2288
0.2496
0.196
0.2032
0.2408
0.1384
0.1424
0.1784
0.24
0.2512
0.2384
0.2784
0.3136
0.3312
0.304
0.3192
0.2816
0.2704
0.2488
0.2848
0.3296
0.288
0.3888
0.3808
0.3664
0.3728
0.368
0.4056
0.4352
0.4624
0.5104
0.5056
0.524
0.4968
0.492
0.5104
0.5232
0.5024
0.548
0.5888
0.5576
0.5696
0.5704
0.5344
0.5312
0.556
0.5216
0.5392
0.5248
0.508
0.5392
0.5008
0.5264
0.552
0.5288
0.5168
0.572
0.5992
0.536
0.5384
0.52
0.5648
0.5872
0.596
0.6104
0.6232
0.6368
0.6432
0.644
0.66
0.6632
0.672
0.6504
0.6344
0.6624
0.6576
0.7184
0.728
0.7424
0.7352
0.736
0.7688
0.7688
0.7768
0.7264
0.7584
0.7896
0.796
0.7808
0.7704
0.8096
0.8024
0.8224
0.8592
0.8256
0.7552
0.7784
0.7752
0.7656
0.7456
0.6952
0.7056
0.6768
0.6704
0.6384
0.656
0.6912
0.6848
0.712
0.732
0.7024
0.7296
0.7176
0.7064
0.7672
0.7888
0.7576
0.7488
0.7768
0.7912
0.8224
0.8304
0.8216
0.8088
0.8064
0.7848
0.8224
0.7904
0.7944
0.8088
0.796
0.7816
0.7776
0.764
0.8072
0.8
0.82
0.8144
0.7752
0.7408
0.764
0.784
0.7552
0.7608
0.7568
0.7288
0.7176
0.7176
0.6744
0.724
0.7384
0.7368
0.7824
0.8
0.8088
0.7832
0.7424
0.6984
0.6504
0.6792
0.6696
0.6928
0.7304
0.7544
0.7208
0.6968
0.6784
0.6928
0.708
0.64
0.6432
0.6328
0.6784
0.744
0.7384
0.7648
0.7712
0.7144
0.7008
0.7216
0.7712
0.7808
0.8096
0.7848
0.7752
0.7728
0.7544
0.7288
0.7016
0.7176
0.6888
0.6592
0.6168
0.6592
0.6608
0.6568
0.6312
0.6352
0.6824
0.6848
0.684
0.6736
0.7064
0.7208
0.7688
0.7648
0.7616
0.7536
0.7152
0.7184
0.8064
0.7856
0.8024
0.7648
0.7544
0.7584
0.7904
0.7856
0.7752
0.784
0.728
0.7376
0.736
0.7608
0.7752
0.8096
0.8008
0.7808
0.8024
0.7912
0.7584
0.796
0.776
0.8016
0.748
0.7264
0.7496
0.776
0.7664
0.7152
0.724
0.7312
0.7648
0.7824
0.7712
0.7904
0.7584
0.7264
0.7416
0.7064
0.6912
0.704
0.7272
0.7408
0.7208
0.7344
0.6824
0.6016
0.6272
0.6072
0.6152
0.5944
0.6168
0.6408
0.6128
0.5752
0.5696
0.6392
0.6344
0.6784
0.6744
0.708
0.7032
0.6912
0.704
0.7136
0.72
0.7056
0.6696
0.6568
0.6704
0.7192
0.7216
0.7296
0.7672
0.7496
0.7688
0.7208
0.692
0.7304
0.7056
0.704
0.708
0.7168
0.7432
0.7568
0.7512
0.7304
0.7312
0.7744
0.7456
0.776
0.78
0.7816
0.7504
0.7648
0.7784
0.736
0.7176
0.684
0.72
0.7104
0.7168
0.688
0.6848
0.6792
0.66
0.6472
0.5976
0.6024
0.6256
0.6088
0.648
0.6712
0.7096
0.7056
0.6848
0.7296
0.7248
0.6976
0.724
0.7296
0.7352
0.7192
0.7648
0.7792
0.776
0.7672
0.7536
0.7736
0.7816
0.7632
0.7464
0.7296
0.7096
0.7096
0.7048
0.7192
0.708
0.6568
0.6744
0.6864
0.6736
0.6584
0.608
0.5824
0.6024
0.6104
0.5896
0.632
0.6456
0.6632
0.7184
0.7272
