0.5616
0.5616
0.5816
0.584
0.6088
0.592
0.62
0.616
0.588
0.5952
0.5904
0.5992
0.592
0.5944
0.5848
0.5664
0.5672
0.5768
0.5616
0.576
0.6
0.5728
0.6144
0.5904
0.5888
0.6144
0.6496
0.6648
0.6744
0.6688
0.6952
0.6896
0.6272
0.6104
0.592
0.6088
0.6088
0.6584
0.6328
0.6416
0.5864
0.6368
0.6832
0.7152
0.6944
0.7224
0.7184
0.7376
0.7456
0.6824
0.6816
0.7128
0.7384
0.7064
0.712
0.6896
0.6768
0.672
0.7216
0.7432
0.7408
0.752
0.7872
0.7776
0.72
0.7272
0.744
0.668
0.684
0.7064
0.652
0.6456
0.6536
0.6808
0.656
0.6112
0.6392
0.6536
0.6848
0.7136
0.732
0.7432
0.7096
0.7408
0.7272
0.7288
0.6728
0.6672
0.7184
0.7144
0.72
0.6944
0.6784
0.6968
0.7104
0.7168
0.688
0.6712
0.6504
0.6608
0.604
0.6464
0.5968
0.572
0.6008
0.5944
0.6272
0.664
0.6016
0.6384
0.6224
0.6192
0.6056
0.6072
0.5696
0.5616
0.4936
0.5328
0.572
0.5784
0.6256
0.62
0.5864
0.5992
0.5768
0.5568
0.5152
0.5216
0.5376
0.548
0.5328
0.5288
0.5432
0.5584
0.5712
0.6096
0.5584
0.5136
0.4576
0.4536
0.404
0.3608
0.344
0.3416
0.3696
0.412
0.4288
0.448
0.4192
0.4336
0.4056
0.4664
0.4608
0.5056
0.4592
0.4368
0.4272
0.4088
0.4328
0.4584
0.484
0.4776
0.4904
0.4696
0.4576
0.4616
0.456
0.3824
0.352
0.3536
0.3256
0.3736
0.3536
0.388
0.3528
0.352
0.296
0.3056
0.3192
0.3616
0.356
0.3344
0.2816
0.3168
0.3472
0.272
0.2592
0.2944
0.3504
0.296
0.2816
0.2816
0.28
0.2504
0.2192
0.1904
0.104
0.1344
0.0864
0.0912
0.0664
0.0808
0.1416
0.1544
0.1632
0.108
0.0936
0.124
0.1576
0.268
0.2496
0.2592
0.1648
0.1488
0.0944
0.0864
0.0912
0.0864
0.0768
0.0872
0.1128
0.0576
0.1064
0.108
0.1144
0.1112
0.076
0.0288
0.0032
0.0288
0.0504
0.0904
0.0904
0.1544
0.1752
0.1984
0.2488
0.2568
0.304
0.252
0.2672
0.2856
0.2856
0.304
0.3896
0.332
0.34
0.4144
0.4048
0.4448
0.4136
0.372
0.3632
0.3192
0.3656
0.344
0.3368
0.2968
0.3264
0.3128
0.3232
0.3384
0.3032
0.2856
0.3432
0.3472
0.3296
0.26
0.2584
0.2904
0.3656
0.3368
0.2696
0.2784
0.3056
0.2768
0.2888
0.3304
0.388
0.3496
0.3448
0.3528
0.3072
0.2424
0.2752
0.2456
0.2704
0.2624
0.2464
0.24
0.2088
0.1872
0.2176
0.148
0.0984
0.128
0.1584
0.1336
0.12
0.1344
0.1432
0.108
0.096
0.0824
0.0904
0.08
0.0712
0.016
0.0152
0.0168
0.0304
0.0344
0.0656
0.0504
0.0416
0.06
0.04
0.024
0.0312
0.008
0.0032
0.0224
0.0096
0.0184
0.0112
0.0184
0.0232
0.048
0.0672
0.1392
0.1536
0.2608
0.2632
0.3472
0.2736
0.308
0.344
0.3136
0.3264
0.2984
0.268
0.2792
0.272
0.3072
0.3408
0.32
0.304
0.224
0.1208
0.1376
0.184
0.1776
0.1416
0.1928
0.2744
0.3576
0.4496
0.432
0.4128
0.3976
0.3352
0.2744
0.2752
0.2992
0.2752
0.2552
0.2024
0.1552
0.0824
0.0448
0.0824
0.0448
0.0272
0.0048
0.0288
0.0656
0.0392
0.028
0.0376
0.0336
0.0632
0.0384
0.048
0.0592
0.012
0.0232
0.0216
0.0192
0.0176
0.0176
0.0312
0.0344
0.0304
0.076
0.0976
0.1112
0.1016
0.1032
0.1096
0.1304
0.0904
0.1248
0.116
0.1368
0.1496
0.1824
0.1456
0.1824
0.1872
0.2288
0.2408
0.2544
0.2784
0.3304
0.296
0.288
0.256
0.2168
0.2072
0.2504
0.2584
0.2192
0.2184
0.1792
0.188
0.192
0.1856
0.1736
0.1824
0.1248
0.092
0.0856
0.068
0.0536
0.0328
0.012
0.0288
0.0048
0.0008
0.012
0.008
0.0216
0.0616
0.0648
0.0088
0.0512
0.0472
0.0248
0.0464
0.0224
0.056
0.0792
0.1184
0.144
0.1536
0.1312
0.1272
0.1624
0.1608
0.2304
0.164
0.1688
0.1816
0.1608
0.1304
0.14
0.1448
0.152
0.0776
0.0576
0.0088
0.0248
0.1088
0.084
0.0688
0.0064
0.0216
0.084
0.0096
0.0512
0.0088
0.0536
0.1456
0.108
0.1256
0.1176
0.12
0.128
0.1232
0.1688
0.1872
0.2464
0.2384
0.2256
0.224
0.148
0.1576
0.1568
0.224
0.1968
0.152
0.1424
0.1512
0.1568
0.156
0.1104
0.1304
0.1728
0.1136
0.1288
0.124
0.0736
0.0696
0.0376
0.024
0.0072
0.0352
0.0408
0.0024
0.004
0.0256
0.0392
0.0784
0.1304
0.1632
0.1584
0.0936
0.0928
0.044
0.0464
0.0216
0.0008
0.036
0.0136
0.0208
0.0584
0.1096
0.14
0.0664
0.0664
0.0864
0.1568
0.156
0.1088
0.1536
0.1456
0.124
0.1072
0.0888
0.0856
0.088
0.0416
0.0024
0.0216
0.0336
0.1016
0.0584
0.0048
0.02
0.0416
0.0008
0.0584
0.0912
0.112
0.1192
0.132
0.1744
0.104
0.0728
0.0488
0.044
0.0152
0.024
0.0464
0.0808
0.076
0.0536
0.0056
0.0328
0.04
0.064
0.028
0.032
0.036
0.0168
0.0
0.0016
0.0456
0.0456
0.0856
0.0664
0.1408
0.1536
0.1672
0.1816
0.2
0.148
0.2336
0.2192
0.2848
0.2816
0.2352
0.2136
0.1752
0.1624
0.1032
0.0832
0.0688
0.0224
0.0192
0.0072
0.048
0.0312
0.0328
0.0272
0.016
0.0376
0.0368
0.024
0.02
0.0232
0.0264
0.0736
0.0264
0.1192
0.1536
0.1504
0.1584
0.1208
0.112
0.072
0.0544
0.0464
0.0608
0.0392
0.0808
0.1088
0.1088
0.1592
0.1568
0.1776
0.2344
0.2664
0.3152
0.296
0.3088
0.348
0.3512
0.384
0.356
0.3424
0.3624
0.3504
0.3904
0.4344
0.4512
0.4312
0.3968
0.432
0.472
0.4328
0.3792
0.3904
0.3744
0.416
0.4224
0.4384
0.3984
0.3704
0.3608
0.3744
0.4168
0.4272
0.4016
0.4536
0.492
0.52
0.5016
0.5464
0.56
0.5632
0.5632
0.5704
0.5592
0.604
0.608
0.5888
0.5176
0.4904
0.52
0.4848
0.4736
0.4832
0.5168
0.488
0.4856
0.4944
0.448
0.4664
0.4912
0.48
0.4272
0.4496
0.424
0.4568
0.4448
0.4256
0.4152
0.4296
0.4328
0.3672
0.396
0.3128
0.3568
0.424
0.3704
0.4
0.3776
0.3944
0.3424
0.3632
0.428
0.4416
0.3696
0.3792
0.4224
0.4376
0.4288
0.4512
0.4296
0.4552
0.4856
0.4984
0.5152
0.5008
0.4416
0.4264
0.3832
0.436
0.392
0.4456
0.4192
0.4248
0.4264
0.384
0.3496
0.3656
0.3472
0.3232
0.32
0.3376
0.3184
0.3024
0.3416
0.3384
0.3256
0.284
0.3208
0.3016
0.1904
0.1344
0.1424
0.1832
0.1496
0.1584
0.1472
0.2632
0.2488
0.2592
0.216
0.1776
0.1832
0.1848
0.2216
0.1712
0.144
0.2008
0.2352
0.2224
0.24
0.2072
0.188
0.1528
0.1696
0.2056
0.2072
0.2296
0.1512
0.2024
0.2168
0.2176
0.1872
0.1728
0.1968
0.1512
0.0976
0.16
0.1592
0.2064
0.196
0.2464
0.2464
0.2408
0.2216
0.1736
0.1872
0.1976
0.124
0.0656
0.0728
0.0376
0.0224
0.0384
0.0984
0.0304
0.0224
0.0032
0.0368
0.0528
0.1024
0.112
0.1264
0.1504
0.1704
0.132
0.1088
0.0304
0.0336
0.008
0.0064
0.0328
0.0224
0.0776
0.1088
0.0928
0.1056
0.0992
0.0848
0.068
0.0992
0.0544
0.0336
0.0352
0.0144
0.0184
0.0776
0.0864
0.1112
0.1336
0.084
0.0368
0.0096
0.0176
0.0024
0.0512
0.056
0.0744
0.0376
0.0536
0.128
0.1416
0.1576
0.1584
0.1728
0.2056
0.2448
0.2584
0.256
0.228
0.2384
0.2344
0.3072
0.328
0.3488
0.3416
0.3496
0.3256
0.3384
0.3176
0.3072
0.368
0.3376
0.3424
0.304
0.3064
0.2976
0.2264
0.2696
0.284
0.3448
0.3072
0.2568
0.2576
0.3512
0.3536
0.3576
0.3784
0.3456
0.3952
0.3624
0.316
0.3536
0.3912
0.408
0.412
0.3848
0.4064
0.3904
0.356
0.3264
0.3736
0.3656
0.3696
0.3448
0.3224
0.2776
0.3224
0.3312
0.3272
0.3768
0.4184
0.4704
0.4504
0.4056
0.4144
0.42
0.4056
0.452
0.4224
0.368
0.284
0.3048
0.332
0.4072
0.3832
0.4648
0.4792
0.4336
0.4408
0.4416
0.4704
0.4696
0.4328
0.3904
0.368
0.3888
0.3616
0.364
0.4184
0.4696
0.3952
0.4256
0.4136
0.4248
0.464
0.428
0.476
0.4792
0.4568
0.4392
0.464
0.4416
0.4496
0.5
0.4488
0.4944
0.4904
0.544
0.5584
0.5752
0.5208
0.504
0.4568
0.4264
0.392
0.4672
0.504
0.512
0.476
0.496
0.448
0.4376
0.4608
0.4656
0.468
0.4792
0.4856
0.4928
0.4944
0.4896
0.4872
0.5032
0.5016
0.5232
0.5536
0.4872
0.436
0.4344
0.3632
0.3496
