0.6864
0.6312
0.6064
0.624
0.624
0.6512
0.6432
0.6424
0.5968
0.5992
0.6088
0.6336
0.624
0.6288
0.6528
0.612
0.6128
0.6464
0.7192
0.7456
0.7296
0.7432
0.7328
0.7176
0.68
0.6808
0.6784
0.6776
0.648
0.6672
0.7008
0.6752
0.6752
0.7232
0.724
0.7192
0.7248
0.7832
0.7432
0.7088
0.692
0.6776
0.6616
0.6424
0.6608
0.708
0.684
0.72
0.7144
0.7384
0.7208
0.728
0.7016
0.6808
0.6992
0.7104
0.7
0.712
0.768
0.7544
0.7832
0.7896
0.776
0.8064
0.7768
0.7552
0.7016
0.6552
0.6128
0.5912
0.5656
0.5616
0.6112
0.5552
0.5248
0.5528
0.5336
0.5384
0.544
0.4856
0.4432
0.4792
0.4792
0.4704
0.5048
0.4448
0.4384
0.4808
0.4992
0.4728
0.5024
0.4848
0.368
0.3896
0.384
0.4
0.4096
0.3696
0.3832
0.376
0.3544
0.3392
0.3544
0.3816
0.4032
0.4576
0.468
0.4608
0.4528
0.5008
0.4952
0.4616
0.4504
0.4112
0.372
0.3872
0.3904
0.3904
0.3848
0.4032
0.3568
0.3784
0.34
0.3696
0.2872
0.3192
0.2752
0.2872
0.2528
0.2752
0.2728
0.3168
0.3208
0.3416
0.3648
0.3064
0.3424
0.352
0.2856
0.3264
0.264
0.288
0.292
0.2752
0.2704
0.2184
0.16
0.1632
0.1888
0.2128
0.2808
0.2816
0.3392
0.32
0.3112
0.336
0.3272
0.3184
0.2952
0.2976
0.288
0.2824
0.304
0.324
0.3696
0.384
0.344
0.2632
0.3352
0.2832
0.3304
0.3712
0.3664
0.3464
0.3616
0.368
0.3512
0.3456
0.3608
0.3768
0.3584
0.3904
0.3792
0.3736
0.3864
0.3784
0.4024
0.352
0.2776
0.3008
0.328
0.2816
0.28
0.3368
0.3208
0.292
0.2888
0.2776
0.2952
0.2736
0.2832
0.2536
0.2904
0.3088
0.3024
0.3408
0.3544
0.3552
0.4016
0.404
0.4328
0.4368
0.468
0.4696
0.4368
0.4688
0.4704
0.4992
0.564
0.544
0.5608
0.5976
0.5976
0.6152
0.6048
0.548
0.58
0.5888
0.628
0.6864
0.7024
0.6952
0.6904
0.6976
0.7608
0.7744
0.8176
0.8096
0.816
0.7944
0.7984
0.8112
0.812
0.804
0.8032
0.8344
0.8224
0.8192
0.7848
0.7664
0.7896
0.7584
0.7352
0.7216
0.72
0.748
0.7776
0.7504
0.7488
0.7552
0.7344
0.676
0.6688
0.6672
0.6752
0.6608
0.6344
0.6488
0.6336
0.644
0.6224
0.6232
0.6088
0.628
0.6544
0.6456
0.6784
0.7096
0.6368
0.5976
0.6528
0.6088
0.632
0.6168
0.5296
0.4872
0.5048
0.5192
0.5976
0.5992
0.5864
0.5616
0.576
0.6072
0.6272
0.6672
0.68
0.6944
0.6512
0.6264
0.6536
0.6576
0.6336
0.6056
0.6016
0.5568
0.5712
0.5632
0.5992
0.548
0.5872
0.576
0.6208
0.5568
0.5576
0.512
0.5
0.5048
0.5512
0.5368
0.54
0.5408
0.5568
0.608
0.632
0.6352
0.6704
0.708
0.7
0.7456
0.7504
0.6664
0.6576
0.6736
0.6768
0.6936
0.7008
0.6872
0.6944
0.684
0.6616
0.7224
0.6456
0.5864
0.6376
0.62
0.5864
0.6
0.5696
0.5376
0.4952
0.5192
0.5744
0.5728
0.5408
0.5696
0.5984
0.596
0.6408
0.6408
0.6024
0.6232
0.6648
0.6312
0.6192
0.6456
0.62
0.6592
0.6456
0.6928
0.6152
0.6088
0.5936
0.5944
0.6192
0.5984
0.5584
0.576
0.5448
0.5352
0.5248
0.5016
0.5312
0.516
0.4896
0.5288
0.5216
0.5312
0.552
0.5504
0.5128
0.4848
0.4832
0.5128
0.4832
0.4736
0.4512
0.4944
0.432
0.4416
0.432
0.3712
0.3608
0.3776
0.3464
0.356
0.3144
0.2448
0.3088
0.296
0.4088
0.4184
0.4112
0.4264
0.428
0.5032
0.5256
0.5488
0.5576
0.5784
0.532
0.5136
0.5264
0.5104
0.4984
0.4792
0.5368
0.5224
0.5272
0.5832
0.5896
0.5896
0.5552
0.6024
0.5776
0.584
0.5568
0.5912
0.6296
0.5752
0.5616
0.5216
0.5608
0.5552
0.4816
0.4424
0.4504
0.432
0.4064
0.4104
0.4192
0.4216
0.4176
0.4024
0.392
0.3856
0.3632
0.308
0.3352
0.3112
0.36
0.3872
0.4048
0.424
0.448
0.4528
0.4272
0.4032
0.3208
0.336
0.3648
0.3744
0.3912
0.4352
0.3864
0.3952
0.4168
0.4432
0.4224
0.4048
0.3776
0.4008
0.4512
0.5096
0.4728
0.4264
0.3864
0.4368
0.4648
0.4624
0.4952
0.4992
0.5072
0.5144
0.5952
0.5952
0.6248
0.6704
0.6264
0.6336
0.5832
0.5856
0.5944
0.5936
0.58
0.5776
0.5704
0.6024
0.5944
0.6624
0.6088
0.6384
0.6288
0.66
0.668
0.672
0.676
0.6728
0.7112
0.7104
0.6976
0.732
0.7336
0.7184
0.6936
0.7128
0.6656
0.6752
0.6736
0.68
0.7208
0.7352
0.7184
0.6856
0.6784
0.6408
0.6208
0.6144
0.7016
0.7328
0.7448
0.7448
0.776
0.7616
0.7864
0.744
0.7296
0.7264
0.6952
0.6944
0.7168
0.7344
0.7576
0.776
0.7608
0.7384
0.7576
0.7328
0.6992
0.6816
0.7456
0.7296
0.696
0.7088
0.7032
0.6944
0.6632
0.648
0.6432
0.6216
0.6184
0.6728
0.7192
0.7544
0.7288
0.7824
0.78
0.7232
0.7064
0.6616
0.664
0.7112
0.7664
0.7272
0.7416
0.7104
0.6912
0.744
0.7256
0.7344
0.7608
0.736
0.7536
0.7864
0.7448
0.7568
0.7456
0.7824
0.7832
0.8272
0.8232
0.8104
0.78
0.7864
0.7624
0.804
0.8328
0.8216
0.7728
0.744
0.7216
0.7392
0.7048
0.6952
0.724
0.7824
0.7744
0.832
0.7992
0.7864
0.7872
0.7872
0.7872
0.7856
0.7912
0.7728
0.7912
0.7112
0.7328
0.6776
0.708
0.724
0.732
0.7304
0.6616
0.6664
0.6552
0.6856
0.7472
0.7664
0.7696
0.7256
0.732
0.7096
0.7568
0.732
0.704
0.7232
0.7096
0.7336
0.724
0.6904
0.6664
0.6592
0.6304
0.5912
0.6352
0.6696
0.6736
0.684
0.6528
0.6696
0.652
0.6688
0.6992
0.6832
0.6488
0.6048
0.5896
0.5928
0.5904
0.5712
0.5144
0.5432
0.6024
0.6344
0.6336
0.6504
0.664
0.628
0.6024
0.5312
0.5296
0.5352
0.528
0.448
0.4752
0.4864
0.52
0.4984
0.5576
0.5464
0.584
0.6344
0.6504
0.6456
0.6112
0.5232
0.5008
0.4688
0.4616
0.4432
0.5016
0.4776
0.4632
0.4928
0.4848
0.4688
0.52
0.4968
0.5248
0.5064
0.4488
0.4784
0.5016
0.5336
0.5464
0.5448
0.5016
0.5088
0.5432
0.4728
0.4456
0.4792
0.4928
0.5336
0.5264
0.564
0.5256
0.5
0.4512
0.4728
0.4
0.4088
0.4232
0.4976
0.4928
0.5048
0.4608
0.4688
0.42
0.4448
0.4128
0.4208
0.4448
0.4552
0.4088
0.3992
0.352
0.304
0.2904
0.344
0.404
0.4224
0.384
0.3896
0.448
0.4904
0.4752
0.4488
0.4816
0.4864
0.4688
0.4928
0.54
0.5304
0.5624
0.5856
0.5304
0.5528
0.5784
0.544
0.5344
0.552
0.5856
0.5464
0.5208
0.5768
0.5704
0.6184
0.6448
0.6152
0.6472
0.7112
0.6504
0.6264
0.6032
0.5616
0.5704
0.5528
0.5472
0.548
0.5872
0.6232
0.6584
0.652
0.6736
0.6992
0.6232
0.6288
0.624
0.5992
0.5808
0.5568
0.568
0.5328
0.5264
0.5656
0.5488
0.5728
0.5784
0.6264
0.5872
0.5704
0.5568
0.5696
0.6024
0.5928
0.5688
0.5864
0.6008
0.5984
0.6208
0.6408
0.6232
0.6096
0.5944
0.6144
0.6456
0.6744
0.6832
0.6736
0.6832
0.708
0.7056
0.7
0.7056
0.6816
0.6488
0.6464
0.6568
0.7008
0.704
0.752
0.772
0.7352
0.7376
0.7072
0.668
0.7312
0.7824
0.7872
0.772
0.7928
0.7872
0.7832
0.82
0.8
0.7976
0.8016
0.7896
0.7888
0.812
0.7968
0.8248
0.8032
0.776
0.7952
0.8032
0.8008
0.812
0.8056
0.7696
0.7408
0.7296
0.756
0.728
0.7152
0.7808
0.7576
0.74
0.6936
0.6656
0.716
0.7136
0.716
0.7056
0.7
0.6816
0.68
0.7152
0.6824
0.6952
0.68
0.6864
0.6832
0.6576
0.6936
0.628
0.6416
0.6928
0.6104
0.6488
0.7008
0.68
0.6928
0.6816
0.6736
0.6656
0.6264
0.6336
0.6472
0.6544
0.6336
0.6288
0.6376
0.596
0.584
0.6312
0.636
0.6752
0.6496
0.7
0.7536
0.7088
0.7224
0.7216
0.7088
0.728
0.7152
0.7072
0.6712
0.7184
0.7008
0.724
0.7216
0.704
0.7224
0.724
0.6896
0.6712
0.7024
0.7304
0.7224
0.756
0.7224
0.6984
0.748
0.7496
0.7968
0.7944
0.8184
0.784
0.7464
0.7672
0.7456
0.6856
0.6888
0.6816
0.6496
0.6592
0.684
0.6984
0.6688
0.6376
0.652
0.6488
0.6224
0.5952
0.6552
0.664
0.6664
0.6616
0.5832
0.5544
0.5976
0.656
0.7008
0.7
0.7048
0.7048
0.6592
0.68
0.692
0.7344
0.7368
0.7128
0.6944
0.6808
0.6592
0.6848
0.64
0.6728
0.6408
0.6352
0.592
0.5496
0.5304
0.4976
0.5528
