0.33447265625
0.302734375
0.2802734375
0.27978515625
0.2744140625
0.28759765625
0.2978515625
0.306640625
0.3515625
0.37109375
0.35498046875
0.31396484375
0.28466796875
0.310546875
0.29052734375
0.28466796875
0.26953125
0.2626953125
0.3076171875
0.28759765625
0.25341796875
0.2353515625
0.23388671875
0.19091796875
0.22265625
0.2490234375
0.21875
0.26708984375
0.236328125
0.236328125
0.2265625
0.18408203125
0.23291015625
0.22900390625
0.22216796875
0.205078125
0.1845703125
0.1376953125
0.11865234375
0.1318359375
0.18896484375
0.208984375
0.17724609375
0.19140625
0.22265625
0.24560546875
0.2109375
0.2373046875
0.28125
0.267578125
0.27197265625
0.28857421875
0.30810546875
0.26953125
0.29541015625
0.22900390625
0.251953125
0.251953125
0.22998046875
0.24267578125
0.23486328125
0.23779296875
0.26318359375
0.25048828125
0.232421875
0.26025390625
0.26708984375
0.28564453125
0.251953125
0.26806640625
0.2626953125
0.28466796875
0.296875
0.2861328125
0.2734375
0.2490234375
0.23681640625
0.24267578125
0.26220703125
0.26513671875
0.25146484375
0.259765625
0.23193359375
0.2197265625
0.20703125
0.21923828125
0.20751953125
0.18603515625
0.248046875
0.23974609375
0.265625
0.259765625
0.23583984375
0.26416015625
0.28759765625
0.27294921875
0.24365234375
0.2626953125
0.2958984375
0.29736328125
0.26953125
0.29150390625
0.29052734375
0.29833984375
0.28369140625
0.30859375
0.34716796875
0.32763671875
0.2978515625
0.30810546875
0.255859375
0.26220703125
0.275390625
0.30712890625
0.27294921875
0.2431640625
0.24267578125
0.2431640625
0.27099609375
0.27978515625
0.31591796875
0.33056640625
0.32373046875
0.283203125
0.26904296875
0.24658203125
0.19482421875
0.18505859375
0.1767578125
0.17626953125
0.20849609375
0.1640625
0.20068359375
0.22998046875
0.18359375
0.1806640625
0.16259765625
0.1533203125
0.173828125
0.20751953125
0.23388671875
0.244140625
0.2646484375
0.32275390625
0.3369140625
0.37451171875
0.4189453125
0.4443359375
0.4404296875
0.45458984375
0.44091796875
0.4296875
0.4052734375
0.4248046875
0.4208984375
0.4267578125
0.40380859375
0.40673828125
0.43408203125
0.4775390625
0.482421875
0.509765625
0.52734375
0.5048828125
0.5322265625
0.52734375
0.52392578125
0.54541015625
0.5673828125
0.57421875
0.5810546875
0.6416015625
0.67578125
0.6513671875
0.689453125
0.64453125
0.611328125
0.57666015625
0.56689453125
0.52783203125
0.56982421875
0.56640625
0.56201171875
0.568359375
0.5771484375
0.53271484375
0.49609375
0.49658203125
0.47998046875
0.45703125
0.4150390625
0.4501953125
0.49658203125
0.46435546875
0.4814453125
0.45556640625
0.45263671875
0.4326171875
0.3896484375
0.3662109375
0.3583984375
0.333984375
0.3359375
0.3369140625
0.33740234375
0.36279296875
0.2998046875
0.27587890625
0.28857421875
0.3037109375
0.27197265625
0.296875
0.29736328125
0.27490234375
0.23974609375
0.20263671875
0.20166015625
0.234375
0.26025390625
0.26904296875
0.2568359375
0.25830078125
0.2314453125
0.2294921875
0.255859375
0.22998046875
0.232421875
0.2314453125
0.224609375
0.197265625
0.17822265625
0.1240234375
0.1259765625
0.13037109375
0.09033203125
0.02001953125
0.001953125
0.0234375
0.00244140625
0.02880859375
0.0205078125
0.04736328125
0.02783203125
0.06591796875
0.11083984375
0.1181640625
0.1298828125
0.15625
0.25390625
0.28173828125
0.31298828125
0.279296875
0.2998046875
0.29052734375
0.2763671875
0.23583984375
0.2265625
0.24560546875
0.23291015625
0.2333984375
0.24462890625
0.23974609375
0.2744140625
0.26318359375
0.31640625
0.3017578125
0.31689453125
0.35400390625
0.35986328125
0.3623046875
0.34375
0.31640625
0.32177734375
0.3115234375
0.29541015625
0.310546875
0.33740234375
0.32568359375
0.33544921875
0.35400390625
0.38330078125
0.3271484375
0.3046875
0.27099609375
0.2548828125
0.1982421875
0.17431640625
0.146484375
0.15625
0.18212890625
0.1533203125
0.15625
0.16162109375
0.1552734375
0.0908203125
0.11279296875
0.09423828125
0.0712890625
0.0791015625
0.09033203125
0.12255859375
0.09375
0.10791015625
0.1142578125
0.130859375
0.10986328125
0.087890625
0.0244140625
0.05029296875
0.02587890625
0.03076171875
0.0048828125
0.0048828125
0.06201171875
0.0615234375
0.05322265625
0.0673828125
0.09423828125
0.08447265625
0.08984375
0.0244140625
0.005859375
0.017578125
0.0654296875
0.07568359375
0.10498046875
0.126953125
0.12109375
0.12109375
0.22021484375
0.20703125
0.1962890625
0.2333984375
0.2275390625
0.2529296875
0.26171875
0.26611328125
0.232421875
0.2099609375
0.16259765625
0.12060546875
0.1240234375
0.1533203125
0.1943359375
0.22119140625
0.2236328125
0.23681640625
0.216796875
0.2041015625
0.19091796875
0.21533203125
0.177734375
0.16357421875
0.13720703125
0.12353515625
0.10986328125
0.1240234375
0.11572265625
0.10546875
0.0693359375
0.09130859375
0.0478515625
0.06689453125
0.08154296875
0.08251953125
0.119140625
0.1416015625
0.15869140625
0.13232421875
0.12255859375
0.14990234375
0.14697265625
0.1611328125
0.17236328125
0.15283203125
0.16259765625
0.1630859375
0.15966796875
0.1865234375
0.18408203125
0.18408203125
0.18798828125
0.17138671875
0.16357421875
0.18017578125
0.24755859375
0.224609375
0.27294921875
0.21484375
0.236328125
0.2470703125
0.29248046875
0.255859375
0.2490234375
0.2529296875
0.2236328125
0.22412109375
0.22314453125
0.1787109375
0.1591796875
0.17431640625
0.1376953125
0.18701171875
0.18896484375
0.19091796875
0.2109375
0.23486328125
0.2578125
0.25537109375
0.26025390625
0.22265625
0.2353515625
0.2509765625
0.26708984375
0.283203125
0.2666015625
0.27294921875
0.25146484375
0.25341796875
0.22998046875
0.2353515625
0.23828125
0.24951171875
0.26611328125
0.298828125
0.28173828125
0.29541015625
0.2763671875
0.2353515625
0.21484375
0.2373046875
0.2666015625
0.25341796875
0.275390625
0.294921875
0.29736328125
0.31396484375
0.33740234375
0.310546875
0.29541015625
0.2763671875
0.26904296875
0.2880859375
0.265625
0.24658203125
0.232421875
0.23486328125
0.22265625
0.259765625
0.279296875
0.28466796875
0.294921875
0.294921875
0.27001953125
0.27099609375
0.25634765625
0.27490234375
0.3017578125
0.32275390625
0.298828125
0.29541015625
0.3291015625
0.30517578125
0.31494140625
0.2880859375
0.318359375
0.302734375
0.30859375
0.33837890625
0.34912109375
0.32763671875
0.29150390625
0.333984375
0.33251953125
0.3359375
0.388671875
0.3447265625
0.42041015625
0.42919921875
0.47900390625
0.4697265625
0.50732421875
0.50390625
0.46484375
0.50439453125
0.4638671875
0.46826171875
0.4375
0.4677734375
0.43115234375
0.4208984375
0.45556640625
0.4697265625
0.46826171875
0.4208984375
0.39990234375
0.39697265625
0.43359375
0.40380859375
0.42578125
0.40771484375
0.4306640625
0.42333984375
0.42626953125
0.42431640625
0.4208984375
0.41943359375
0.43994140625
0.39794921875
0.3720703125
0.392578125
0.33984375
0.33984375
0.3095703125
0.2958984375
0.322265625
0.326171875
0.296875
0.2939453125
0.33349609375
0.31103515625
0.33056640625
0.3095703125
0.3271484375
0.310546875
0.388671875
0.39111328125
0.37744140625
0.384765625
0.40478515625
0.37744140625
0.35498046875
0.3828125
0.39990234375
0.4267578125
0.4111328125
0.4287109375
0.4482421875
0.46044921875
0.4384765625
0.39794921875
0.39404296875
0.41064453125
0.42333984375
0.4033203125
0.4013671875
0.341796875
0.31787109375
0.31591796875
0.2978515625
0.255859375
0.24609375
0.21484375
0.220703125
0.1826171875
0.21337890625
0.20361328125
0.265625
0.2958984375
0.32666015625
0.33984375
0.3369140625
0.36962890625
0.380859375
0.349609375
0.384765625
0.41845703125
0.37744140625
0.3671875
0.3798828125
0.34375
0.3095703125
0.30078125
0.31884765625
0.33154296875
0.30126953125
0.298828125
0.3291015625
0.36865234375
0.3271484375
0.3486328125
0.3291015625
0.3623046875
0.36279296875
0.33837890625
0.30712890625
0.2314453125
0.22216796875
0.19482421875
0.1689453125
0.1533203125
0.18603515625
0.17822265625
0.1962890625
0.22216796875
0.24755859375
0.2509765625
0.2451171875
0.22119140625
0.23388671875
0.23388671875
0.2294921875
0.1962890625
0.1005859375
0.1162109375
0.09521484375
0.13134765625
0.1435546875
0.18115234375
0.21826171875
0.255859375
0.22509765625
0.2470703125
0.2255859375
0.2041015625
0.18701171875
0.25341796875
0.27587890625
0.2646484375
0.30078125
0.2978515625
0.24169921875
0.2412109375
0.2578125
0.23486328125
0.24462890625
0.24365234375
0.2294921875
0.16748046875
0.15087890625
0.12646484375
0.14990234375
0.1240234375
0.13916015625
0.14013671875
0.15234375
0.150390625
0.14794921875
0.17138671875
0.2265625
0.248046875
0.23388671875
0.22216796875
0.26953125
0.26611328125
0.25390625
0.23681640625
0.21484375
0.20703125
0.203125
0.20068359375
0.193359375
0.1669921875
0.1787109375
0.1640625
0.17041015625
0.1767578125
0.17724609375
0.1875
0.18359375
0.1611328125
0.18212890625
0.16357421875
0.12939453125
0.13916015625
0.16796875
0.1728515625
0.1484375
0.13916015625
0.1533203125
0.1171875
0.0869140625
0.1025390625
0.07958984375
0.03466796875
0.0751953125
0.0703125
0.0341796875
0.02587890625
0.01611328125
0.02294921875
0.0751953125
0.103515625
0.09912109375
0.0791015625
0.0673828125
0.0146484375
0.03515625
0.0576171875
0.02685546875
0.041015625
0.04931640625
0.06787109375
0.0341796875
0.05126953125
0.0830078125
0.10107421875
0.09326171875
0.11474609375
0.13720703125
0.123046875
0.1484375
0.18408203125
0.17236328125
0.1455078125
0.1728515625
0.15478515625
0.17333984375
0.12548828125
0.12548828125
0.15185546875
0.18896484375
0.1953125
0.17333984375
0.1474609375
0.1572265625
0.1748046875
0.15185546875
0.134765625
0.11767578125
0.13134765625
0.1005859375
0.125
0.1298828125
0.14990234375
0.18115234375
0.21533203125
0.19921875
0.22607421875
0.2119140625
0.21435546875
0.21826171875
0.2314453125
0.208984375
0.22314453125
0.23681640625
0.20556640625
0.228515625
0.20751953125
0.20556640625
0.181640625
0.19482421875
0.1875
0.1796875
0.18994140625
0.212890625
0.2568359375
0.232421875
0.22314453125
0.2060546875
0.15478515625
0.11962890625
0.12353515625
0.11181640625
0.150390625
0.14697265625
0.21533203125
0.15283203125
0.1513671875
0.14990234375
0.10546875
0.14111328125
0.130859375
0.1357421875
0.1689453125
0.119140625
0.09130859375
0.10400390625
0.16796875
0.18017578125
0.13671875
0.13671875
0.171875
0.1826171875
0.18212890625
0.1767578125
0.138671875
0.1259765625
0.16162109375
0.158203125
0.14990234375
0.15869140625
0.1611328125
0.16650390625
0.11376953125
0.1171875
0.158203125
0.13134765625
0.08642578125
0.1064453125
0.083984375
0.12109375
0.107421875
0.06396484375
0.0166015625
0.048828125
0.05078125
0.00244140625
0.0263671875
0.0009765625
0.01025390625
0.03662109375
0.03515625
0.0556640625
0.09619140625
0.10107421875
0.0322265625
0.05517578125
0.0087890625
0.01416015625
0.00830078125
0.0361328125
0.05810546875
0.03271484375
0.03466796875
0.037109375
0.0205078125
0.05419921875
0.04833984375
0.03076171875
0.0517578125
0.0302734375
0.0283203125
0.0615234375
0.10009765625
0.07421875
0.083984375
0.0361328125
0.005859375
0.05078125
0.0498046875
0.07373046875
0.0556640625
0.05859375
0.05615234375
0.01025390625
0.0126953125
0.0478515625
0.05615234375
0.03173828125
0.06494140625
0.11767578125
0.099609375
0.06494140625
0.0732421875
0.07470703125
0.0771484375
0.037109375
0.10693359375
0.09765625
0.1220703125
0.1337890625
0.1328125
0.16064453125
0.15966796875
0.19970703125
0.197265625
0.22314453125
0.255859375
0.2177734375
0.23583984375
0.18017578125
0.14453125
0.12109375
0.18310546875
0.19775390625
0.22998046875
0.2177734375
0.2373046875
0.18798828125
0.14990234375
0.138671875
0.05810546875
0.0771484375
0.05322265625
0.06884765625
0.08544921875
0.0849609375
0.14501953125
0.134765625
0.1630859375
0.1962890625
0.22705078125
0.26171875
0.29833984375
0.2880859375
0.2734375
0.265625
0.2373046875
0.21728515625
0.23876953125
0.28466796875
0.23779296875
0.24169921875
0.2431640625
0.27197265625
0.29248046875
0.255859375
0.1953125
0.1611328125
0.162109375
0.15478515625
0.18505859375
0.16259765625
0.13525390625
0.1201171875
0.1181640625
0.10595703125
0.1015625
0.0830078125
0.0771484375
0.0947265625
0.10595703125
0.1181640625
0.15478515625
0.177734375
0.181640625
0.2021484375
0.20751953125
0.205078125
0.21875
0.2578125
0.25390625
0.2529296875
0.267578125
0.31787109375
0.287109375
0.27392578125
0.32470703125
0.3125
0.25146484375
0.255859375
0.25244140625
0.2119140625
0.2548828125
0.302734375
0.31591796875
0.3349609375
0.32177734375
0.30078125
0.27490234375
0.2763671875
0.3310546875
0.333984375
0.33056640625
0.359375
0.37451171875
0.39208984375
0.39501953125
0.4228515625
0.41064453125
0.412109375
0.42041015625
0.44189453125
0.46728515625
0.44482421875
0.45751953125
0.45751953125
0.45068359375
0.44140625
0.3984375
0.40234375
0.38818359375
0.39208984375
0.35888671875
0.35986328125
0.37890625
0.40283203125
0.42138671875
0.41796875
0.4072265625
0.38623046875
0.41162109375
0.4296875
0.46044921875
0.4541015625
0.45263671875
0.474609375
0.484375
0.47314453125
0.5361328125
0.53662109375
0.52685546875
0.537109375
0.51904296875
0.49853515625
0.48291015625
0.4208984375
0.40185546875
0.421875
0.42724609375
0.46484375
0.4970703125
0.45556640625
0.4638671875
0.47119140625
0.48193359375
0.47802734375
0.548828125
0.53515625
